2.767,30,83,41
B0,mixamorig_Hips,-1,0.983757495880127,0.05981670692563057,0.1692177802324295,0,-0.013380469754338264,0.9646443724632263,-0.263214111328125,0,-0.178980752825737,0.2566770315170288,0.9497765898704529,0,-0.42941829562187195,40.305381774902344,-1.236382007598877,1
B1,mixamorig_Spine,0,0.9988624453544617,0.018243523314595222,-0.04405311495065689,0,-0.015030340291559696,0.9972753524780273,0.07220976799726486,0,0.0452505461871624,-0.07146509736776352,0.9964144229888916,0,0,9.75247573852539,-0.30580100417137146,1
B2,mixamorig_Spine1,1,0.998599648475647,-0.013016239739954472,-0.05127285420894623,0,0.012866152450442314,0.9999117255210876,-0.003258743090555072,0,0.05131129175424576,0.0025948986876755953,0.9986793994903564,0,0,11.383476257324219,0,1
B3,mixamorig_Spine2,2,0.9986180067062378,-0.010801518335938454,-0.051432881504297256,0,0.010387907736003399,0.9999112486839294,-0.00830581970512867,0,0.051518455147743225,0.007759432308375835,0.9986413717269897,0,0,13.009686470031738,0,1
B4,mixamorig_Neck,3,0.9969979524612427,0.012639356777071953,-0.0763857364654541,0,-0.026520902290940285,0.9826494455337524,-0.18356408178806305,0,0.07274022698402405,0.18503811955451965,0.9800347089767456,0,0,14.635897636413574,0,1
B5,mixamorig_Head,4,0.9953604936599731,0.003820254234597087,-0.09614375233650208,0,0.050898678600788116,0.8270508646965027,0.5598154067993164,0,0.08165503293275833,-0.5621119737625122,0.8230187296867371,0,0,9.529975891113281,0.1199520006775856,1
B6,mixamorig_HeadTop_End,5,1,0,0,0,0,1,0,0,0,0,1,0,0,73.98981475830078,0.9312999844551086,1
B7,mixamorig_LeftShoulder,3,0.37497127056121826,-0.10101111233234406,-0.921515166759491,0,0.9226121306419373,-0.05632200092077255,0.38159120082855225,0,-0.09044632315635681,-0.9932898879051208,0.07207521051168442,0,12.882061958312988,12.768632888793945,-0.022413000464439392,1
B8,mixamorig_LeftArm,7,0.5175228118896484,0.7374928593635559,0.43390437960624695,0,-0.846941351890564,0.5137315988540649,0.1369837075471878,0,-0.12188473343849182,-0.43838295340538025,0.8904838562011719,0,0,26.115385055541992,0,1
B9,mixamorig_LeftForeArm,8,0.7804738283157349,0.4213969111442566,0.46147099137306213,0,-0.5177528858184814,0.8496951460838318,0.09960436820983887,0,-0.3500968813896179,-0.31672021746635437,0.8813558220863342,0,0,15.618117332458496,0,1
B10,mixamorig_LeftHand,9,-0.12191864103078842,0.0756201222538948,-0.9894498586654663,0,-0.8725480437278748,0.4667316973209381,0.14314159750938416,0,0.47262001037597656,0.8811550140380859,0.009028853848576546,0,0,24.494657516479492,0,1
B11,mixamorig_LeftHandThumb1,10,0.9085279703140259,0.41512900590896606,-0.04737819358706474,0,-0.41344699263572693,0.8768420219421387,-0.24537619948387146,0,-0.06031980738043785,0.24252000451087952,0.9682689905166626,0,-5.112892150878906,5.615482807159424,-9.999999974752427e-7,1
B12,mixamorig_LeftHandThumb2,11,0.830295979976654,-0.554716169834137,0.053836192935705185,0,0.5336874127388,0.819199800491333,0.209974005818367,0,-0.16057899594306946,-0.14560900628566742,0.9762240052223206,0,-0.4254220128059387,6.060637950897217,0,1
B13,mixamorig_LeftHandThumb3,12,0.993802011013031,0.11100738495588303,0.005903805606067181,0,-0.11089019477367401,0.9936788082122803,-0.017503999173641205,0,-0.007809000089764595,0.01674100011587143,0.9998289942741394,0,-0.5780680179595947,6.807532787322998,0,1
B14,mixamorig_LeftHandThumb4,13,1,0,0,0,0,1,0,0,0,0,1,0,1.0034890174865723,4.127862930297852,0,1
B15,mixamorig_LeftHandIndex1,10,0.977955162525177,0.14698761701583862,-0.14831599593162537,0,-0.06525180488824844,0.8898289799690247,0.4516049921512604,0,0.1983558088541031,-0.43197101354599,0.8798040151596069,0,0,11.377107620239258,0.28407400846481323,1
B16,mixamorig_LeftHandIndex2,15,0.9952340126037598,0.09698700159788132,0.010128194466233253,0,-0.09484319388866425,0.9385949969291687,0.3317300081253052,0,0.02266700007021427,-0.33111000061035156,0.9433199763298035,0,-0.20957300066947937,9.248242378234863,9.999999974752427e-7,1
B17,mixamorig_LeftHandIndex3,16,0.9179751873016357,0.3502958118915558,0.18604999780654907,0,-0.3774908185005188,0.6276040077209473,0.6808921694755554,0,0.12174800038337708,-0.6952741742134094,0.7083588242530823,0,-0.23916499316692352,5.158170223236084,0,1
B18,mixamorig_LeftHandIndex4,17,1,0,0,0,0,1,0,0,0,0,1,0,0.4487380087375641,4.5400590896606445,0,1
B19,mixamorig_RightShoulder,3,0.5476362705230713,0.08554337918758392,0.8323277235031128,0,-0.8293470144271851,-0.0762004628777504,0.5535074472427368,0,0.1107725203037262,-0.9934156537055969,0.02921810932457447,0,-12.882061958312988,12.770896911621094,-0.09461700171232224,1
B20,mixamorig_RightArm,19,0.5195346474647522,-0.8443236351013184,-0.13106444478034973,0,0.8544288277626038,0.5139366984367371,0.0761459544301033,0,0.003070915350690484,-0.1515372395515442,0.98844313621521,0,0,26.115385055541992,0,1
B21,mixamorig_RightForeArm,20,0.7775002717971802,-0.4209344983100891,-0.46720263361930847,0,0.4993534982204437,0.8648146986961365,0.0518304780125618,0,0.38221582770347595,-0.27359461784362793,0.8826268911361694,0,0,15.617416381835938,0,1
B22,mixamorig_RightHand,21,-0.08153882622718811,0.5016173720359802,0.8612264394760132,0,0.616998553276062,0.704016387462616,-0.3516424000263214,0,-0.78272545337677,0.5027092099189758,-0.36689549684524536,0,0,24.50331687927246,0,1
B23,mixamorig_RightHandThumb1,22,0.8837682008743286,-0.46025681495666504,0.08436280488967896,0,0.45633000135421753,0.8078621625900269,-0.3729889988899231,0,0.10351800173521042,0.368133008480072,0.9239919781684875,0,4.85772705078125,5.276316165924072,-0.000003000000106112566,1
B24,mixamorig_RightHandThumb2,23,0.8365470170974731,0.5456119775772095,-0.04996619373559952,0,-0.5250108242034912,0.824347198009491,0.21169519424438477,0,0.15669238567352295,-0.150859996676445,0.9760580062866211,0,0.2552120089530945,5.73189115524292,0,1
B25,mixamorig_RightHandThumb3,24,0.9955210089683533,0.09421899914741516,0.007725805975496769,0,-0.09419900178909302,0.9955490231513977,-0.002931194147095084,0,-0.007967805489897728,0.0021901940926909447,0.999966025352478,0,0.5433340072631836,6.840339183807373,0,1
B26,mixamorig_RightHandThumb4,25,1,0,0,0,0,1,0,0,0,0,1,0,-0.7985470294952393,4.931948184967041,0,1
B27,mixamorig_RightHandIndex1,22,0.9863495230674744,-0.02411457523703575,0.1628887951374054,0,0.017969952896237373,0.9990736246109009,0.03909258544445038,0,-0.1636807918548584,-0.03563220053911209,0.9858693480491638,0,0,10.594538688659668,0.1600389927625656,1
B28,mixamorig_RightHandIndex2,27,0.9997521042823792,0.021910928189754486,-0.004026990383863449,0,-0.020644765347242355,0.9791227579116821,0.2022169828414917,0,0.008373456075787544,-0.20208363234996796,0.9793323278427124,0,-0.016318999230861664,8.495159149169922,0,1
B29,mixamorig_RightHandIndex3,28,0.9504749774932861,-0.3036958873271942,-0.06607171148061752,0,0.3095546364784241,0.9060131907463074,0.2886428236961365,0,-0.027798689901828766,-0.2948007881641388,0.9551535248756409,0,0.6245319843292236,6.8681111335754395,0,1
B30,mixamorig_RightHandIndex4,29,1,0,0,0,0,1,0,0,0,0,1,0,-0.6082140207290649,4.887331008911133,0,1
B31,mixamorig_LeftUpLeg,0,-0.9877927899360657,-0.15566277503967285,0.004049719776958227,0,0.08118784427642822,-0.4926654100418091,0.866413414478302,0,-0.13287116587162018,0.8561830520629883,0.49929144978523254,0,15.197205543518066,-5.407246112823486,0.4898050129413605,1
B32,mixamorig_LeftLeg,31,0.9422258734703064,-0.2699248194694519,-0.1983691304922104,0,-0.1632244735956192,0.14715930819511414,-0.9755500555038452,0,0.29251688718795776,0.9515670537948608,0.09460011124610901,0,0,26.923776626586914,0,1
B33,mixamorig_LeftFoot,32,0.9417316317558289,-0.3356756269931793,0.02149220183491707,0,0.18729616701602936,0.576385498046875,0.7954233884811401,0,-0.27939313650131226,-0.7450500130653381,0.6056723594665527,0,0,20.99739646911621,0,1
B34,mixamorig_LeftToeBase,33,0.9994428157806396,0.024783076718449593,-0.022340107709169388,0,0.0006838058470748365,0.6541880965232849,0.7563315033912659,0,0.03335904702544212,-0.7559261322021484,0.6538062691688538,0,0,12.466732025146484,0,1
B35,mixamorig_LeftToe_End,34,1,0,0,0,0,1,0,0,0,0,1,0,0,5.1457061767578125,0,1
B36,mixamorig_RightUpLeg,0,-0.950088381767273,0.30882659554481506,0.04406223073601723,0,-0.3020380735397339,-0.8752670884132385,-0.3776700794696808,0,-0.07804866880178452,-0.37213021516799927,0.9248695373535156,0,-15.197205543518066,-5.407246112823486,-0.009472999721765518,1
B37,mixamorig_RightLeg,36,0.9985052943229675,0.0024947011843323708,0.0541323646903038,0,0.05421721562743187,-0.04084174335002899,-0.9976851940155029,0,-0.0002734114823397249,0.9991299510002136,-0.04092397168278694,0,0,27.04050636291504,0,1
B38,mixamorig_RightFoot,37,0.9466761946678162,0.13125135004520416,0.2941801846027374,0,-0.14823271334171295,-0.6332491636276245,0.7596123218536377,0,0.285991907119751,-0.7627179026603699,-0.5800214409828186,0,0,21.118114471435547,0,1
B39,mixamorig_RightToeBase,38,0.999133825302124,-0.03745834156870842,0.018138229846954346,0,0.0026305164210498333,0.49178749322891235,0.8707081079483032,0,-0.04153493419289589,-0.8699062466621399,0.4914596378803253,0,0,12.704628944396973,0,1
B40,mixamorig_RightToe_End,39,1,0,0,0,0,1,0,0,0,0,1,0,0,5.145572185516357,0,1
@34,0,1,2,3,4,5,7,8,9,10,11,12,13,15,16,17,19,20,21,22,23,24,25,27,28,29,31,32,33,34,36,37,38,39
K0.000,0.9865769743919373,-0.0017989999614655972,0.16328899562358856,0,0.04466500133275986,0.9647799730300903,-0.25923800468444824,0,-0.15707199275493622,0.26305198669433594,0.9519100189208984,0,0.972029983997345,42.09545135498047,-1.0934029817581177,1,0.9989780187606812,0.03243999928236008,-0.03146500140428543,0,-0.030855000019073486,0.9982929825782776,0.04958999902009964,0,0.03302000090479851,-0.0485679991543293,0.998274028301239,0,0,9.75247573852539,-0.30580100417137146,1,0.9993709921836853,0.012744000181555748,-0.03308799862861633,0,-0.013996999710798264,0.9991829991340637,-0.03792500123381615,0,0.0325779989361763,0.038364000618457794,0.9987329840660095,0,0,11.383476257324219,0,1,0.999360978603363,0.012877999804913998,-0.033337999135255814,0,-0.014116999693214893,0.9992079734802246,-0.03720900043845177,0,0.032832998782396317,0.03765600174665451,0.9987509846687317,0,0,13.009686470031738,0,1,0.9934549927711487,0.03827499970793724,-0.10761699825525284,0,-0.05728000029921532,0.9820929765701294,-0.17947900295257568,0,0.09882000088691711,0.18446899950504303,0.9778580069541931,0,0,14.635897636413574,0,1,0.9974719882011414,0.039677999913692474,0.05895400047302246,0,-0.06635499745607376,0.8169689774513245,0.5728510022163391,0,-0.02543500065803528,-0.575314998626709,0.8175370097160339,0,0,9.529975891113281,0.1199520006775856,1,0.4198020100593567,-0.11353900283575058,-0.9004859924316406,0,0.9000729918479919,-0.07556899636983871,0.4291369915008545,0,-0.11677200347185135,-0.9906550049781799,0.07046899944543839,0,12.882061958312988,12.768632888793945,-0.022413000464439392,1,0.6045889854431152,0.6869919896125793,0.4031299948692322,0,-0.7964839935302734,0.5155100226402283,0.3160110116004944,0,0.009279999881982803,-0.5121440291404724,0.8588500022888184,0,0,26.115385055541992,0,1,0.7218959927558899,0.4461649954319,0.5289639830589294,0,-0.5633869767189026,0.8227930068969727,0.07487399876117706,0,-0.40182098746299744,-0.35206300020217896,0.8453350067138672,0,0,15.618117332458496,0,1,-0.17067700624465942,-0.050046999007463455,-0.9840549826622009,0,-0.8453029990196228,0.5206059813499451,0.12013400346040726,0,0.506292998790741,0.8523290157318115,-0.13116100430488586,0,0,24.494657516479492,0,1,0.9085279703140259,0.4151279926300049,-0.047377001494169235,0,-0.41344600915908813,0.8768420219421387,-0.24537700414657593,0,-0.06032000109553337,0.24252000451087952,0.9682689905166626,0,-5.112892150878906,5.615482807159424,0,1,0.830295979976654,-0.5547159910202026,0.05383500084280968,0,0.5336880087852478,0.8191999793052673,0.209974005818367,0,-0.16057799756526947,-0.14560900628566742,0.9762240052223206,0,-0.4254220128059387,6.060637950897217,0,1,0.993802011013031,0.11100699752569199,0.005903000012040138,0,-0.11089000105857849,0.9936789870262146,-0.017503999173641205,0,-0.007809000089764595,0.01674100011587143,0.9998289942741394,0,-0.5780680179595947,6.807532787322998,0,1,0.9779559969902039,0.14698700606822968,-0.14831599593162537,0,-0.06525100022554398,0.8898289799690247,0.4516049921512604,0,0.1983560025691986,-0.43197101354599,0.8798040151596069,0,0,11.377107620239258,0.28407400846481323,1,0.9952340126037598,0.09698700159788132,0.010127999819815159,0,-0.09484399855136871,0.9385939836502075,0.33173099160194397,0,0.02266700007021427,-0.33111101388931274,0.9433199763298035,0,-0.20957300066947937,9.248242378234863,0,1,0.9224029779434204,0.34443798661231995,0.17474199831485748,0,-0.36983299255371094,0.6572530269622803,0.6566900014877319,0,0.1113400012254715,-0.6703590154647827,0.7336369752883911,0,-0.23916499316692352,5.158170223236084,0,1,0.5481680035591125,0.12927499413490295,0.8263170123100281,0,-0.8070359826087952,-0.17759600281715393,0.5631620287895203,0,0.21955400705337524,-0.9755749702453613,0.006976999808102846,0,-12.882061958312988,12.770896911621094,-0.09461700171232224,1,0.652534008026123,-0.7482650279998779,-0.11957699805498123,0,0.7565500140190125,0.6344159841537476,0.15858499705791473,0,-0.04280199855566025,-0.19394800066947937,0.9800779819488525,0,0,26.115385055541992,0,1,0.737375020980835,-0.46152201294898987,-0.4932290017604828,0,0.5747600197792053,0.8122879862785339,0.09919299930334091,0,0.3548640012741089,-0.35662999749183655,0.8642259836196899,0,0,15.617416381835938,0,1,-0.25367501378059387,0.3984070122241974,0.881430983543396,0,0.6608039736747742,0.7368350028991699,-0.14287100732326508,0,-0.7063900232315063,0.5462110042572021,-0.45018601417541504,0,0,24.50331687927246,0,1,0.8837689757347107,-0.46025601029396057,0.08436200022697449,0,0.45632898807525635,0.8078629970550537,-0.3729900121688843,0,0.10351800173521042,0.368133008480072,0.9239919781684875,0,4.85772705078125,5.276316165924072,-0.000003000000106112566,1,0.8365470170974731,0.5456110239028931,-0.049966998398303986,0,-0.5250099897384644,0.824347972869873,0.21169500052928925,0,0.1566929966211319,-0.150859996676445,0.9760580062866211,0,0.2552120089530945,5.73189115524292,0,1,0.9955210089683533,0.09421899914741516,0.007724999915808439,0,-0.09419900178909302,0.9955490231513977,-0.002930999966338277,0,-0.007966999895870686,0.0021899999119341373,0.999966025352478,0,0.5433340072631836,6.840339183807373,0,1,0.9864559769630432,-0.01716499961912632,0.16312800347805023,0,0.014094999991357327,0.9997010231018066,0.019960999488830566,0,-0.16342200338840485,-0.01739099994301796,0.9864029884338379,0,0,10.594538688659668,0.1600389927625656,1,0.9995779991149902,0.02871599979698658,-0.0043739997781813145,0,-0.027417000383138657,0.982450008392334,0.18450100719928741,0,0.009595000185072422,-0.18430300056934357,0.9828230142593384,0,-0.016318999230861664,8.495159149169922,0,1,0.9523770213127136,-0.2985230088233948,-0.06213900074362755,0,0.30394598841667175,0.913116991519928,0.2717230021953583,0,-0.02437499910593033,-0.2776699960231781,0.9603670239448547,0,0.6245319843292236,6.8681111335754395,0,1,-0.9899730086326599,-0.14022700488567352,-0.017038999125361443,0,0.05860000103712082,-0.5174340009689331,0.8537139892578125,0,-0.12852999567985535,0.8441550135612488,0.5204629898071289,0,15.197205543518066,-5.407246112823486,0.4898050129413605,1,0.939969003200531,-0.22786499559879303,-0.254040002822876,0,-0.21707400679588318,0.1751679927110672,-0.9603099822998047,0,0.26332101225852966,0.9578070044517517,0.11518900096416473,0,0,26.923776626586914,0,1,0.9450820088386536,-0.32607099413871765,0.022298000752925873,0,0.1856680065393448,0.5917810201644897,0.7844250202178955,0,-0.2689729928970337,-0.737205982208252,0.6198229789733887,0,0,20.99739646911621,0,1,0.9994590282440186,0.024505000561475754,-0.021939000114798546,0,0.0005540000274777412,0.6543909907341003,0.7561560273170471,0,0.03288700059056282,-0.7557590007781982,0.6540229916572571,0,0,12.466732025146484,0,1,-0.9113180041313171,0.39655500650405884,-0.11065000295639038,0,-0.3267329931259155,-0.8601459860801697,-0.3916560113430023,0,-0.2504880130290985,-0.3207699954509735,0.9134340286254883,0,-15.197205543518066,-5.407246112823486,-0.009472999721765518,1,0.9816110134124756,0.13154399394989014,0.13833600282669067,0,0.12276700139045715,0.11991400271654129,-0.9851639866828918,0,-0.14618100225925446,0.9840310215950012,0.10155999660491943,0,0,27.04050636291504,0,1,0.9670000076293945,0.07706300169229507,0.24284200370311737,0,-0.1678840070962906,-0.5242189764976501,0.8348709940910339,0,0.1916400045156479,-0.8480889797210693,-0.4939819872379303,0,0,21.118114471435547,0,1,0.9991070032119751,-0.030894000083208084,0.02882000058889389,0,-0.008076000027358532,0.5299050211906433,0.848019003868103,0,-0.041471000760793686,-0.8474940061569214,0.5291820168495178,0,0,12.704628944396973,0,1
K0.033,0.9843279719352722,-0.00030598469311371446,0.1763441413640976,0,0.046530019491910934,0.9650099873542786,-0.2580530047416687,0,-0.17009511590003967,0.2622140049934387,0.9499009847640991,0,0.9478332996368408,42.148902893066406,-1.084414005279541,1,0.9990109801292419,0.0334450788795948,-0.029305970296263695,0,-0.0326840840280056,0.9991250038146973,0.02608371712267399,0,0.030151961371302605,-0.02509971708059311,0.9992300271987915,0,0,9.75247573852539,-0.30580100417137146,1,0.9994410276412964,0.01400499977171421,-0.030345961451530457,0,-0.014508991502225399,0.9997590184211731,-0.016463711857795715,0,0.03010796383023262,0.016894711181521416,0.9994040131568909,0,0,11.383476257324219,0,1,0.9994310140609741,0.0149820102378726,-0.03023195080459118,0,-0.01527199987322092,0.9998390078544617,-0.009398624300956726,0,0.030085956677794456,0.009854624047875404,0.9994990229606628,0,0,13.009686470031738,0,1,0.9910420179367065,0.07707509398460388,-0.10906806588172913,0,-0.09430211037397385,0.982138991355896,-0.1628190129995346,0,0.09457004815340042,0.17164503037929535,0.9806089997291565,0,0,14.635897636413574,0,1,0.9987069964408875,0.012721956707537174,0.04922296479344368,0,-0.03750493749976158,0.8380101919174194,0.5443647503852844,0,-0.03432400897145271,-0.5455067753791809,0.8374031782150269,0,0,9.529975891113281,0.1199520006775856,1,0.42069104313850403,-0.1075289249420166,-0.9008089900016785,0,0.9007250070571899,-0.06894790381193161,0.42888301610946655,0,-0.10822588205337524,-0.9918079972267151,0.06784796714782715,0,12.882061958312988,12.768632888793945,-0.022413000464439392,1,0.5916448831558228,0.6880089640617371,0.4202382266521454,0,-0.8059930801391602,0.5165621042251587,0.28903257846832275,0,-0.01822146773338318,-0.5097129344940186,0.8601509928703308,0,0,26.115385055541992,0,1,0.7304401397705078,0.43594294786453247,0.5257478952407837,0,-0.5519799590110779,0.8301510810852051,0.07853605598211288,0,-0.4022129476070404,-0.34756797552108765,0.8470070362091064,0,0,15.618117332458496,0,1,-0.19229024648666382,-0.036626800894737244,-0.9806539416313171,0,-0.8472390174865723,0.5104488730430603,0.14706432819366455,0,0.4951878786087036,0.8591280579566956,-0.12918594479560852,0,0,24.494657516479492,0,1,0.9085279703140259,0.4151279926300049,-0.047377001494169235,0,-0.41344600915908813,0.8768429756164551,-0.24537600576877594,0,-0.06032000109553337,0.24251900613307953,0.9682700037956238,0,-5.112892150878906,5.615482807159424,0,1,0.830295979976654,-0.5547159910202026,0.053835999220609665,0,0.5336880087852478,0.8191990256309509,0.209974005818367,0,-0.16057899594306946,-0.14560900628566742,0.9762240052223206,0,-0.4254220128059387,6.060637950897217,0,1,0.993802011013031,0.11100900173187256,0.005903000012040138,0,-0.11089099943637848,0.9936779737472534,-0.017503999173641205,0,-0.007809000089764595,0.01674100011587143,0.9998289942741394,0,-0.5780680179595947,6.807532787322998,0,1,0.9779549837112427,0.14698800444602966,-0.14831699430942535,0,-0.06525199860334396,0.8898289799690247,0.4516049921512604,0,0.1983570009469986,-0.4319719970226288,0.8798040151596069,0,0,11.377107620239258,0.28407400846481323,1,0.9952340126037598,0.09698700159788132,0.010129000060260296,0,-0.09484399855136871,0.9385939836502075,0.33173099160194397,0,0.022665999829769135,-0.33111000061035156,0.9433199763298035,0,-0.20957300066947937,9.248242378234863,0,1,0.920490026473999,0.34703803062438965,0.17961905896663666,0,-0.37320801615715027,0.6445118188858032,0.667323112487793,0,0.1158190593123436,-0.681299090385437,0.7227838635444641,0,-0.23916499316692352,5.158170223236084,0,1,0.5514330863952637,0.12578094005584717,0.8246819376945496,0,-0.8070930242538452,-0.16960187256336212,0.565540075302124,0,0.21100187301635742,-0.9774529933929443,0.00799301452934742,0,-12.882061958312988,12.770896911621094,-0.09461700171232224,1,0.6324066519737244,-0.765751302242279,-0.11699090898036957,0,0.7741963267326355,0.6197066903114319,0.1287786215543747,0,-0.026111828163266182,-0.17201468348503113,0.9847480654716492,0,0,26.115385055541992,0,1,0.7576672434806824,-0.43148159980773926,-0.489656925201416,0,0.5486125946044922,0.8274572491645813,0.11974307894706726,0,0.3535030484199524,-0.3593578636646271,0.8636540770530701,0,0,15.617416381835938,0,1,-0.2074272781610489,0.4328273832798004,0.8772879242897034,0,0.6791091561317444,0.7092006206512451,-0.1893286406993866,0,-0.7041199803352356,0.5565021634101868,-0.44104477763175964,0,0,24.50331687927246,0,1,0.8837680220603943,-0.46025699377059937,0.08436200022697449,0,0.45633000135421753,0.8078619837760925,-0.3729900121688843,0,0.1035190001130104,0.368133008480072,0.9239919781684875,0,4.85772705078125,5.276316165924072,-0.000003000000106112566,1,0.8365470170974731,0.5456119775772095,-0.049966998398303986,0,-0.5250110030174255,0.824347972869873,0.21169500052928925,0,0.1566929966211319,-0.15085899829864502,0.9760580062866211,0,0.2552120089530945,5.73189115524292,0,1,0.9955220222473145,0.09421899914741516,0.007724999915808439,0,-0.09419900178909302,0.9955490231513977,-0.002930999966338277,0,-0.007966999895870686,0.0021899999119341373,0.999966025352478,0,0.5433340072631836,6.840339183807373,0,1,0.9864529967308044,-0.01736600324511528,0.1631229966878891,0,0.014207002706825733,0.999688982963562,0.020516013726592064,0,-0.16342900693416595,-0.017920013517141342,0.9863920211791992,0,0,10.594538688659668,0.1600389927625656,1,0.9995830059051514,0.028529996052384377,-0.004361999686807394,0,-0.02723199687898159,0.9823639988899231,0.1849830150604248,0,0.00956299901008606,-0.18478801846504211,0.9827319979667664,0,-0.016318999230861664,8.495159149169922,0,1,0.9523289799690247,-0.29865598678588867,-0.06223800405859947,0,0.3040899932384491,0.9129409790039062,0.2721549868583679,0,-0.02446100115776062,-0.2781069874763489,0.960237979888916,0,0.6245319843292236,6.8681111335754395,0,1,-0.9896680116653442,-0.14319206774234772,-0.00724785728380084,0,0.06897617131471634,-0.5198200345039368,0.8514859676361084,0,-0.12569399178028107,0.8421889543533325,0.5243270397186279,0,15.197205543518066,-5.407246112823486,0.4898050129413605,1,0.9404079914093018,-0.22855399549007416,-0.2517849802970886,0,-0.21551497280597687,0.17215195298194885,-0.9612060189247131,0,0.263033002614975,0.9581890106201172,0.11263696849346161,0,0,26.923776626586914,0,1,0.9456570148468018,-0.324523001909256,0.020408974960446358,0,0.1841139942407608,0.5861269235610962,0.7890230417251587,0,-0.2680189907550812,-0.7423880696296692,0.6140239238739014,0,0,20.99739646911621,0,1,0.9995080232620239,0.023325012996792793,-0.020982010290026665,0,0.000611000694334507,0.6541789770126343,0.7563400268554688,0,0.031367018818855286,-0.7559800148010254,0.6538429856300354,0,0,12.466732025146484,0,1,-0.9164830446243286,0.3877158761024475,-0.09866677969694138,0,-0.32430100440979004,-0.864378035068512,-0.3842918276786804,0,-0.23428170382976532,-0.3201989531517029,0.9179241061210632,0,-15.197205543518066,-5.407246112823486,-0.009472999721765518,1,0.9845600128173828,0.11457489430904388,0.13233894109725952,0,0.11885396391153336,0.11747381836175919,-0.9859380125999451,0,-0.12850986421108246,0.9864440560340881,0.10204284638166428,0,0,27.04050636291504,0,1,0.9662179350852966,0.0775410607457161,0.24578611552715302,0,-0.16996508836746216,-0.5251830220222473,0.8338429927825928,0,0.1937400996685028,-0.847449004650116,-0.4942619502544403,0,0,21.118114471435547,0,1,0.9992790222167969,-0.029950059950351715,0.0233219712972641,0,-0.004075946751981974,0.5261800289154053,0.8503640294075012,0,-0.037740036845207214,-0.8498460054397583,0.5256779789924622,0,0,12.704628944396973,0,1
K0.067,0.9819759726524353,0.001222984748892486,0.1890028864145279,0,0.048237983137369156,0.9652420282363892,-0.25686898827552795,0,-0.18274688720703125,0.261355996131897,0.9477850198745728,0,0.8760457038879395,42.2259407043457,-1.0819400548934937,1,0.9988009929656982,0.04126892238855362,-0.026326030492782593,0,-0.041340913623571396,0.9991430044174194,-0.0021857190877199173,0,0.02621403895318508,0.0032707180362194777,0.9996510148048401,0,0,9.75247573852539,-0.30580100417137146,1,0.9995530247688293,0.014015000313520432,-0.02641203999519348,0,-0.013692008331418037,0.9998300075531006,0.01238771341741085,0,0.026581035926938057,-0.012020711787045002,0.9995740056037903,0,0,11.383476257324219,0,1,0.9995489716529846,0.015967991203069687,-0.025432048365473747,0,-0.01525100041180849,0.9994879961013794,0.028120627626776695,0,0.025868043303489685,-0.027720626443624496,0.9992809891700745,0,0,13.009686470031738,0,1,0.9894649982452393,0.0868879035115242,-0.11579792946577072,0,-0.10529489070177078,0.9808700084686279,-0.16373097896575928,0,0.09935695677995682,0.1741989701986313,0.9796850085258484,0,0,14.635897636413574,0,1,0.9989079833030701,0.008402043022215366,0.045965034514665604,0,-0.03105306252837181,0.854425847530365,0.5186452269554138,0,-0.034915991127491,-0.5195062160491943,0.8537527918815613,0,0,9.529975891113281,0.1199520006775856,1,0.42498597502708435,-0.09974607080221176,-0.8996880054473877,0,0.9000880122184753,-0.05891609936952591,0.431706964969635,0,-0.09606711566448212,-0.9932669997215271,0.06474202871322632,0,12.882061958312988,12.768632888793945,-0.022413000464439392,1,0.5797581076622009,0.6840000748634338,0.44274675846099854,0,-0.8121899366378784,0.5285098552703857,0.24703241884708405,0,-0.06502653658390045,-0.5028140544891357,0.8619449734687805,0,0,26.115385055541992,0,1,0.7402929067611694,0.4301750659942627,0.5166391134262085,0,-0.5440700650215149,0.834770917892456,0.0845339372754097,0,-0.3949110507965088,-0.34366703033447266,0.8520199656486511,0,0,15.618117332458496,0,1,-0.21791574358940125,-0.01699819602072239,-0.9758200645446777,0,-0.8473899960517883,0.4993361234664917,0.18053767085075378,0,0.4841931164264679,0.8662419319152832,-0.12321706116199493,0,0,24.494657516479492,0,1,0.9085279703140259,0.41512900590896606,-0.047377001494169235,0,-0.41344699263572693,0.8768420219421387,-0.24537700414657593,0,-0.06032099947333336,0.24251900613307953,0.9682689905166626,0,-5.112892150878906,5.615482807159424,0,1,0.8302950263023376,-0.5547170042991638,0.05383700132369995,0,0.533689022064209,0.8191990256309509,0.209974005818367,0,-0.16057899594306946,-0.14560799300670624,0.9762240052223206,0,-0.4254220128059387,6.060637950897217,0,1,0.993802011013031,0.11101000010967255,0.005903000012040138,0,-0.11089300364255905,0.9936779737472534,-0.017503999173641205,0,-0.007809000089764595,0.01674100011587143,0.9998289942741394,0,-0.5780680179595947,6.807532787322998,0,1,0.9779549837112427,0.14698800444602966,-0.14831699430942535,0,-0.06525199860334396,0.8898289799690247,0.4516049921512604,0,0.1983570009469986,-0.43197101354599,0.8798040151596069,0,0,11.377107620239258,0.28407400846481323,1,0.9952340126037598,0.09698700159788132,0.010130000300705433,0,-0.09484399855136871,0.9385939836502075,0.33173099160194397,0,0.022665999829769135,-0.33111101388931274,0.9433199763298035,0,-0.20957300066947937,9.248242378234863,0,1,0.9179999828338623,0.3502649664878845,0.1859869360923767,0,-0.3774489760398865,0.6277691721916199,0.6807628870010376,0,0.12168993800878525,-0.6951408982276917,0.7084991335868835,0,-0.23916499316692352,5.158170223236084,0,1,0.5575619339942932,0.12022504955530167,0.8213830590248108,0,-0.8063139915466309,-0.15690012276172638,0.5702979564666748,0,0.19743913412094116,-0.9802700281143188,0.00945698469877243,0,-12.882061958312988,12.770896911621094,-0.09461700171232224,1,0.5979423522949219,-0.7942696809768677,-0.10770908743143082,0,0.8014897108078003,0.5909863114356995,0.09137837588787079,0,-0.008924170397222042,-0.14096730947494507,0.9899739623069763,0,0,26.115385055541992,0,1,0.7837607860565186,-0.3933703899383545,-0.48060309886932373,0,0.5064054131507874,0.8527637720108032,0.12785592675209045,0,0.3595459461212158,-0.3435891568660736,0.8675679564476013,0,0,15.617416381835938,0,1,-0.13642069697380066,0.47056061029434204,0.8717580437660217,0,0.6965557932853699,0.6712863445281982,-0.25334638357162476,0,-0.7044140100479126,0.5726668238639832,-0.41934922337532043,0,0,24.50331687927246,0,1,0.8837680220603943,-0.46025699377059937,0.08436200022697449,0,0.45633000135421753,0.8078619837760925,-0.3729889988899231,0,0.10351800173521042,0.368133008480072,0.9239919781684875,0,4.85772705078125,5.276316165924072,-0.000003000000106112566,1,0.8365470170974731,0.5456119775772095,-0.049966000020504,0,-0.5250110030174255,0.824347972869873,0.21169500052928925,0,0.1566919982433319,-0.150859996676445,0.9760580062866211,0,0.2552120089530945,5.73189115524292,0,1,0.9955220222473145,0.09421899914741516,0.007726000156253576,0,-0.09419900178909302,0.9955490231513977,-0.002930999966338277,0,-0.007966999895870686,0.0021899999119341373,0.999966025352478,0,0.5433340072631836,6.840339183807373,0,1,0.9864469766616821,-0.01782899536192417,0.16311100125312805,0,0.014464996755123138,0.9996579885482788,0.021790986880660057,0,-0.16344399750232697,-0.019135989248752594,0.9863669872283936,0,0,10.594538688659668,0.1600389927625656,1,0.9995959997177124,0.028105003759264946,-0.004336000420153141,0,-0.026808002963662148,0.9821659922599792,0.1860949844121933,0,0.009489000774919987,-0.18590298295021057,0.9825220108032227,0,-0.016318999230861664,8.495159149169922,0,1,0.9522190093994141,-0.29896101355552673,-0.06246599555015564,0,0.30441999435424805,0.9125339984893799,0.2731480002403259,0,-0.024657998234033585,-0.2791129946708679,0.9599419832229614,0,0.6245319843292236,6.8681111335754395,0,1,-0.9884859919548035,-0.1511499285697937,0.007010858505964279,0,0.08601682633161545,-0.5232029557228088,0.8478560447692871,0,-0.12448501586914062,0.838697075843811,0.5301799178123474,0,15.197205543518066,-5.407246112823486,0.4898050129413605,1,0.9413509964942932,-0.22884300351142883,-0.2479720413684845,0,-0.21263103187084198,0.16832004487514496,-0.9625260233879089,0,0.262006014585495,0.9588009715080261,0.10978902876377106,0,0,26.923776626586914,0,1,0.9456329941749573,-0.3247399926185608,0.01793002337217331,0,0.18377600610256195,0.5790080428123474,0.7943399548530579,0,-0.2683350145816803,-0.7478589415550232,0.6072090864181519,0,0,20.99739646911621,0,1,0.9994540214538574,0.024545986205339432,-0.0221369881182909,0,0.0006799992988817394,0.6543059945106506,0.7562299966812134,0,0.033046986907720566,-0.7558320164680481,0.6539319753646851,0,0,12.466732025146484,0,1,-0.9235489368438721,0.375740110874176,-0.07665921747684479,0,-0.32440099120140076,-0.8721019625663757,-0.3663351833820343,0,-0.20450130105018616,-0.3134600520133972,0.9273198843002319,0,-15.197205543518066,-5.407246112823486,-0.009472999721765518,1,0.9866020083427429,0.10406710207462311,0.12564405798912048,0,0.11532803624868393,0.09984217584133148,-0.9882969856262207,0,-0.11539413034915924,0.9895459413528442,0.08650215715169907,0,0,27.04050636291504,0,1,0.9625280499458313,0.08324793726205826,0.2580868899822235,0,-0.17826791107654572,-0.5229359865188599,0.8335220217704773,0,0.20435190200805664,-0.8482969999313354,-0.48850107192993164,0,0,21.118114471435547,0,1,0.999144971370697,-0.035841941833496094,0.020603027194738388,0,0.0012089475058019161,0.5234789848327637,0.8520380258560181,0,-0.041323963552713394,-0.8512840270996094,0.5230749845504761,0,0,12.704628944396973,0,1
K0.100,0.9789549708366394,0.003469000104814768,0.20404499769210815,0,0.05006600171327591,0.9652169942855835,-0.2566100060939789,0,-0.1978369951248169,0.2614249885082245,0.9447309970855713,0,0.8272150158882141,42.34443664550781,-1.081097960472107,1,0.9986029863357544,0.04625200107693672,-0.025539999827742577,0,-0.04634600132703781,0.9989209771156311,-0.0031139999628067017,0,0.02536799944937229,0.0042929998598992825,0.9996690154075623,0,0,9.75247573852539,-0.30580100417137146,1,0.9994750022888184,0.016720000654459,-0.027744000777602196,0,-0.01619100011885166,0.9996839761734009,0.019207000732421875,0,0.02805599942803383,-0.018748000264167786,0.9994310140609741,0,0,11.383476257324219,0,1,0.9994819760322571,0.019000999629497528,-0.025969000533223152,0,-0.018062999472022057,0.9991919994354248,0.03591600060462952,0,0.026630999520421028,-0.03542900085449219,0.9990170001983643,0,0,13.009686470031738,0,1,0.9885900020599365,0.09523399919271469,-0.11670699715614319,0,-0.11090599745512009,0.9844650030136108,-0.13612100481987,0,0.10193099826574326,0.14751100540161133,0.9837939739227295,0,0,14.635897636413574,0,1,0.9988250136375427,0.004488999955356121,0.048252999782562256,0,-0.027514999732375145,0.872177004814148,0.48841598629951477,0,-0.03989199921488762,-0.48917001485824585,0.8712760210037231,0,0,9.529975891113281,0.1199520006775856,1,0.42870599031448364,-0.09905300289392471,-0.8979979753494263,0,0.8987759947776794,-0.05415299907326698,0.43505099415779114,0,-0.0917230024933815,-0.9936069846153259,0.06581100076436996,0,12.882061958312988,12.768632888793945,-0.022413000464439392,1,0.5856289863586426,0.6760860085487366,0.4471549987792969,0,-0.8063750267028809,0.5420399904251099,0.2365420013666153,0,-0.08245299756526947,-0.499099999666214,0.8626130223274231,0,0,26.115385055541992,0,1,0.7481110095977783,0.4322279989719391,0.503495991230011,0,-0.5405610203742981,0.837037980556488,0.08462599664926529,0,-0.38486701250076294,-0.3354800045490265,0.8598430156707764,0,0,15.618117332458496,0,1,-0.2123579978942871,-0.005332000553607941,-0.9771770238876343,0,-0.8542259931564331,0.4866360127925873,0.18298399448394775,0,0.47455400228500366,0.8735889792442322,-0.10789600014686584,0,0,24.494657516479492,0,1,0.9085279703140259,0.41512900590896606,-0.04737799987196922,0,-0.41344699263572693,0.8768420219421387,-0.24537600576877594,0,-0.06032000109553337,0.24251900613307953,0.9682700037956238,0,-5.112892150878906,5.615482807159424,0,1,0.8302950263023376,-0.5547170042991638,0.05383799970149994,0,0.533689022064209,0.8191990256309509,0.209974005818367,0,-0.16057999432086945,-0.14560799300670624,0.9762229919433594,0,-0.4254220128059387,6.060637950897217,0,1,0.993802011013031,0.11100800335407257,0.005903000012040138,0,-0.11089000105857849,0.9936779737472534,-0.017503999173641205,0,-0.007807999849319458,0.01674100011587143,0.9998289942741394,0,-0.5780680179595947,6.807532787322998,0,1,0.9779559969902039,0.14698700606822968,-0.14831599593162537,0,-0.06525199860334396,0.8898289799690247,0.4516049921512604,0,0.1983560025691986,-0.4319719970226288,0.8798040151596069,0,0,11.377107620239258,0.28407400846481323,1,0.9952340126037598,0.0969879999756813,0.010129000060260296,0,-0.09484399855136871,0.9385939836502075,0.3317300081253052,0,0.02266700007021427,-0.33111000061035156,0.9433199763298035,0,-0.20957300066947937,9.248242378234863,0,1,0.9179750084877014,0.3502950072288513,0.18604999780654907,0,-0.37749001383781433,0.6276050209999084,0.6808919906616211,0,0.12174700200557709,-0.6952739953994751,0.7083579897880554,0,-0.23916499316692352,5.158170223236084,0,1,0.5649210214614868,0.11668500304222107,0.8168529868125916,0,-0.8034679889678955,-0.14763100445270538,0.5767530202865601,0,0.18789100646972656,-0.982134997844696,0.010352999903261662,0,-12.882061958312988,12.770896911621094,-0.09461700171232224,1,0.5772960186004639,-0.8122609853744507,-0.08343599736690521,0,0.8154739737510681,0.5683209896087646,0.10960400104522705,0,-0.04160799831151962,-0.1313139945268631,0.9904670119285583,0,0,26.115385055541992,0,1,0.794448971748352,-0.40049099922180176,-0.4565710127353668,0,0.48001500964164734,0.8746160268783569,0.06805600225925446,0,0.37206900119781494,-0.2732279896736145,0.8870800137519836,0,0,15.617416381835938,0,1,-0.08740700036287308,0.4640440046787262,0.8814889788627625,0,0.6863269805908203,0.6694070100784302,-0.2843419909477234,0,-0.7220219969749451,0.5801360011100769,-0.3769960105419159,0,0,24.50331687927246,0,1,0.8837689757347107,-0.46025601029396057,0.08436299860477448,0,0.45633000135421753,0.8078629970550537,-0.3729889988899231,0,0.10351700335741043,0.3681339919567108,0.9239919781684875,0,4.85772705078125,5.276316165924072,-0.000003000000106112566,1,0.8365470170974731,0.5456119775772095,-0.049966000020504,0,-0.5250110030174255,0.824347972869873,0.21169400215148926,0,0.1566919982433319,-0.150859996676445,0.9760580062866211,0,0.2552120089530945,5.73189115524292,0,1,0.9955210089683533,0.09421999752521515,0.0077240001410245895,0,-0.094200000166893,0.9955490231513977,-0.0029299999587237835,0,-0.007965999655425549,0.0021899999119341373,0.999966025352478,0,0.5433340072631836,6.840339183807373,0,1,0.9864360094070435,-0.018610000610351562,0.16309000551700592,0,0.01489999983459711,0.9996020197868347,0.02394000068306923,0,-0.16347000002861023,-0.021185999736189842,0.986320972442627,0,0,10.594538688659668,0.1600389927625656,1,0.9996160268783569,0.027386000379920006,-0.0042940001003444195,0,-0.02609100006520748,0.981827974319458,0.18797099590301514,0,0.009363999590277672,-0.1877869963645935,0.9821649789810181,0,-0.016318999230861664,8.495159149169922,0,1,0.9520320296287537,-0.2994750142097473,-0.06285200268030167,0,0.3049769997596741,0.91184401512146,0.2748270034790039,0,-0.02499300055205822,-0.28081199526786804,0.9594370126724243,0,0.6245319843292236,6.8681111335754395,0,1,-0.9867209792137146,-0.162090003490448,0.01037800032645464,0,0.0961190015077591,-0.5312280058860779,0.8417590260505676,0,-0.13092699646949768,0.8315790295600891,0.5397539734840393,0,15.197205543518066,-5.407246112823486,0.4898050129413605,1,0.9445419907569885,-0.22081699967384338,-0.2430649995803833,0,-0.20894500613212585,0.16690200567245483,-0.9635800123214722,0,0.25334200263023376,0.9609289765357971,0.11150699853897095,0,0,26.923776626586914,0,1,0.9434390068054199,-0.33122798800468445,0.014506000094115734,0,0.18756799399852753,0.5693070292472839,0.8004419803619385,0,-0.27338701486587524,-0.7524470090866089,0.5992349982261658,0,0,20.99739646911621,0,1,0.9994480013847351,0.0246799997985363,-0.022252999246120453,0,0.0006830000202171504,0.6542540192604065,0.7562739849090576,0,0.03322400152683258,-0.7558720111846924,0.653876006603241,0,0,12.466732025146484,0,1,-0.9284390211105347,0.366784006357193,-0.05890800058841705,0,-0.3247790038585663,-0.8784170150756836,-0.3505750000476837,0,-0.1803310066461563,-0.3063560128211975,0.9346799850463867,0,-15.197205543518066,-5.407246112823486,-0.009472999721765518,1,0.9882689714431763,0.09299399703741074,0.1211479976773262,0,0.11319100111722946,0.08655499666929245,-0.989795982837677,0,-0.10253100097179413,0.9918969869613647,0.07501299679279327,0,0,27.04050636291504,0,1,0.9606840014457703,0.0855799987912178,0.2641269862651825,0,-0.18359799683094025,-0.5178160071372986,0.8355590105056763,0,0.20827600359916687,-0.8512009978294373,-0.48174500465393066,0,0,21.118114471435547,0,1,0.9991419911384583,-0.03604299947619438,0.020416000857949257,0,0.0011249999515712261,0.5162960290908813,0.8564090132713318,0,-0.041409000754356384,-0.8556510210037231,0.5158939957618713,0,0,12.704628944396973,0,1
