1.900,30,56,41
B0,mixamorig_Hips,-1,0.9677901864051819,0.0535881407558918,0.24486494064331055,0,-0.057014863938093185,0.9973837733268738,0.01062444131821394,0,-0.24325938522815704,-0.02399759739637375,0.968539297580719,0,-1.9513647556304932,46.021846771240234,1.0530606508255005,1
B1,mixamorig_Spine,0,0.9997920989990234,-0.014142020605504513,-0.013222870416939259,0,0.015008662827312946,0.9977152943611145,0.06573307514190674,0,0.012262758798897266,-0.06591856479644775,0.9977207779884338,0,0,10.15488052368164,-0.29943200945854187,1
B2,mixamorig_Spine1,1,0.9998964071273804,-0.014012835919857025,0.00048409792361781,0,0.013694224879145622,0.9817628860473633,0.18942806124687195,0,-0.003126450115814805,-0.18940038979053497,0.9818539023399353,0,0,11.852499961853027,0,1
B3,mixamorig_Spine2,2,0.9998964071273804,-0.014012835919857025,0.00048409792361781,0,0.013694224879145622,0.9817633032798767,0.18942806124687195,0,-0.003126450115814805,-0.18940038979053497,0.9818533062934875,0,0,13.54572582244873,0,1
B4,mixamorig_Neck,3,0.9991493225097656,-0.03466350585222244,-0.01718565635383129,0,0.03275277838110924,0.9920749068260193,-0.11685328930616379,0,0.021388845518231392,0.1162908673286438,0.9924314618110657,0,0,15.238935470581055,0,1
B5,mixamorig_Head,4,0.9873525500297546,0.11069927364587784,-0.10630660504102707,0,-0.06717424839735031,0.9390666484832764,0.33182772994041443,0,0.13670851290225983,-0.3203783929347992,0.9346501231193542,0,0,6.069733142852783,0.0718419998884201,1
B6,mixamorig_HeadTop_End,5,1,0,0,0,0,1,0,0,0,0,1,0,0,77.56666564941406,0.9180859923362732,1
B7,mixamorig_LeftShoulder,3,0.09580575674772263,-0.05941721424460411,-0.9934640526771545,0,0.9605033993721008,-0.2559341490268707,0.1079273372888565,0,-0.2606453001499176,-0.9648652076721191,0.03255163133144379,0,12.931761741638184,13.36662483215332,-0.024089999496936798,1
B8,mixamorig_LeftArm,7,0.46272775530815125,0.7294182181358337,0.5015046000480652,0,-0.6156503558158875,0.6691060662269592,-0.40917977690696716,0,-0.6330549120903015,-0.11852040886878967,0.7614641785621643,0,0,26.221097946166992,0,1
B9,mixamorig_LeftForeArm,8,0.53928142786026,0.015425099059939384,0.8419612050056458,0,-0.2737094461917877,0.9470468163490295,0.1581602245569229,0,-0.7947985529899597,-0.31573522090911865,0.5152260065078735,0,0,16.07257843017578,0,1
B10,mixamorig_LeftHand,9,-0.38270944356918335,-0.042451903223991394,-0.9224663376808167,0,-0.5006135702133179,0.8485569357872009,0.16863411664962769,0,0.776341438293457,0.5267462730407715,-0.34600332379341125,0,0,23.019641876220703,0,1
B11,mixamorig_LeftHandThumb1,10,0.6974573731422424,0.7163158059120178,0.020746711641550064,0,-0.670435905456543,0.642013430595398,0.3719109892845154,0,0.2530856728553772,-0.2733096182346344,0.9280338287353516,0,-5.102105140686035,5.694654941558838,9.999999974752427e-7,1
B12,mixamorig_LeftHandThumb2,11,0.9979619979858398,-0.059581998735666275,0.022846614941954613,0,0.05985400080680847,0.9981420040130615,-0.011425385251641273,0,-0.022122999653220177,0.012769999913871288,0.9996740221977234,0,-0.2425439953804016,6.111946105957031,0,1
B13,mixamorig_LeftHandThumb3,12,0.954371988773346,0.2978389859199524,0.021598000079393387,0,-0.29781100153923035,0.954613983631134,-0.004581000190228224,0,-0.021981999278068542,-0.0020600000862032175,0.9997559785842896,0,-0.6389309763908386,6.818601131439209,0,1
B14,mixamorig_LeftHandThumb4,13,1,0,0,0,0,1,0,0,0,0,1,0,0.8814749717712402,4.155628204345703,0,1
B15,mixamorig_LeftHandIndex1,10,0.9774988293647766,0.2102363556623459,-0.017176518216729164,0,-0.21032021939754486,0.9776255488395691,-0.003235714277252555,0,0.01611083373427391,0.006775570102035999,0.9998471140861511,0,0,12.069541931152344,0.2830030024051666,1
B16,mixamorig_LeftHandIndex2,15,0.9977480173110962,0.06702161580324173,0.002576771192252636,0,-0.0652456134557724,0.9609693884849548,0.26885101199150085,0,0.01554261427372694,-0.2684130072593689,0.9631779789924622,0,-0.2065349966287613,9.248311042785645,0,1
B17,mixamorig_LeftHandIndex3,16,0.989691972732544,0.14266300201416016,0.012494999915361404,0,-0.142658993601799,0.9897710084915161,-0.001218999968841672,0,-0.012540999799966812,-0.0005760000203736126,0.9999210238456726,0,-0.2367130070924759,5.1582818031311035,0,1
B18,mixamorig_LeftHandIndex4,17,1,0,0,0,0,1,0,0,0,0,1,0,0.4432480037212372,4.540596961975098,0,1
B19,mixamorig_RightShoulder,3,-0.0942634791135788,0.03528011217713356,0.9947847723960876,0,-0.9534299969673157,-0.2902548015117645,-0.08010376989841461,0,0.28590402007102966,-0.9562656283378601,0.0608750581741333,0,-12.931761741638184,13.368457794189453,-0.08627299964427948,1
B20,mixamorig_RightArm,19,0.9591887593269348,0.2729654312133789,-0.06914453953504562,0,-0.2289028763771057,0.8956514596939087,0.36962461471557617,0,0.160731241106987,-0.3393774926662445,0.9223694205284119,0,0,26.221097946166992,0,1
B21,mixamorig_RightForeArm,20,0.40936189889907837,-0.061735231429338455,-0.9097712635993958,0,0.5725155472755432,0.7915836572647095,0.2057434618473053,0,0.7075435519218445,-0.6053128242492676,0.35898247361183167,0,0,16.070491790771484,0,1
B22,mixamorig_RightHand,21,-0.2509702146053314,0.2102397084236145,0.9433812499046326,0,0.7894342541694641,0.6051977872848511,0.07583998143672943,0,-0.5564398765563965,0.7648493647575378,-0.32100173830986023,0,0,23.006677627563477,0,1
B23,mixamorig_RightHandThumb1,22,0.6940792202949524,-0.70053631067276,-0.16580145061016083,0,0.7174513339996338,0.6920703053474426,0.0792955830693245,0,0.05920078605413437,-0.17399798333644867,0.9829638004302979,0,4.856080055236816,5.508211135864258,0.000003000000106112566,1
B24,mixamorig_RightHandThumb2,23,0.9859628677368164,0.16644145548343658,-0.012709938921034336,0,-0.16614481806755066,0.9858569502830505,0.021616533398628235,0,0.016133679077029228,-0.019201235845685005,0.9996843338012695,0,0.11964300274848938,5.873307228088379,0,1
B25,mixamorig_RightHandThumb3,24,0.9744300246238708,-0.22455599904060364,-0.00785099994391203,0,0.22455400228500366,0.974461019039154,-0.0011180000146850944,0,0.007902000099420547,-0.0006736144423484802,0.9999690055847168,0,0.5851889848709106,6.872167110443115,0,1
B26,mixamorig_RightHandThumb4,25,1,0,0,0,0,1,0,0,0,0,1,0,-0.7048320174217224,4.946209907531738,0,1
B27,mixamorig_RightHandIndex1,22,0.9895432591438293,-0.1437014937400818,-0.012271183542907238,0,0.1440124809741974,0.989116370677948,0.030079293996095657,0,0.00781733263283968,-0.031532514840364456,0.9994720220565796,0,0,11.272738456726074,0.16046999394893646,1
B28,mixamorig_RightHandIndex2,27,0.9999889731407166,0.00472408439964056,0.000427975261118263,0,-0.004654999822378159,0.9600729942321777,0.27971017360687256,0,0.0009104103082790971,-0.27970877289772034,0.9600846171379089,0,-0.01638299971818924,8.495157241821289,0,1
B29,mixamorig_RightHandIndex3,28,0.9771789908409119,-0.21206599473953247,-0.012195000424981117,0,0.21206338703632355,0.9772549867630005,-0.0015119999879971147,0,0.012237999588251114,-0.001108999946154654,0.9999246001243591,0,0.6223239898681641,6.868310928344727,0,1
B30,mixamorig_RightHandIndex4,29,1,0,0,0,0,1,0,0,0,0,1,0,-0.6059409976005554,4.887612819671631,0,1
B31,mixamorig_LeftUpLeg,0,-0.9930537343025208,-0.07493622601032257,-0.08336757868528366,0,-0.04484044387936592,-0.45650526881217957,0.8642054200172424,0,-0.09974586218595505,0.8625895380973816,0.4499119818210602,0,15.206181526184082,-5.639214038848877,0.4854309856891632,1
B32,mixamorig_LeftLeg,31,0.916446328163147,-0.3046337068080902,-0.23374314606189728,0,-0.10957329720258713,0.3633037507534027,-0.8974690437316895,0,0.383312463760376,0.8519195914268494,0.2989118993282318,0,0,25.565828323364258,0,1
B33,mixamorig_LeftFoot,32,0.9803483486175537,-0.18364278972148895,-0.050585076212882996,0,0.15548740327358246,0.6000901460647583,0.7808115482330322,0,-0.11065418273210526,-0.7738482356071472,0.6184412240982056,0,0,19.34305763244629,0,1
B34,mixamorig_LeftToeBase,33,0.9991004467010498,-0.0011601746082305908,-0.03134499117732048,0,0.025736678391695023,0.6171723008155823,0.786216139793396,0,0.018589360639452934,-0.7862322926521301,0.6169437766075134,0,0,12.453317642211914,9.999999974752427e-7,1
B35,mixamorig_LeftToe_End,34,1,0,0,0,0,1,0,0,0,0,1,0,0,5.1457061767578125,0,1
B36,mixamorig_RightUpLeg,0,-0.7012396454811096,0.5473577976226807,-0.45540350675582886,0,-0.39537450671195984,-0.8313462138175964,-0.39054742455482483,0,-0.5923230051994324,-0.09371712058782578,0.7994430065155029,0,-15.206181526184082,-5.639214038848877,-0.017153000459074974,1
B37,mixamorig_RightLeg,36,0.9832524061203003,0.01809750683605671,-0.17785316705703735,0,-0.17317603528499603,0.38798967003822327,-0.8965960144996643,0,0.05504291504621506,0.9124953746795654,0.3848446011543274,0,0,25.640430450439453,0,1
B38,mixamorig_RightFoot,37,0.8235582113265991,0.4246545732021332,0.3514263331890106,0,-0.33308517932891846,-0.10940506309270859,0.8897514343261719,0,0.4533829689025879,-0.8493120074272156,0.06076756492257118,0,0,19.428544998168945,0,1
B39,mixamorig_RightToeBase,38,0.9959151148796082,-0.020626792684197426,-0.0849996879696846,0,0.08404119312763214,0.46969595551490784,0.8783191442489624,0,0.021917875856161118,-0.8819331526756287,0.4694300889968872,0,0,12.713443756103516,0,1
B40,mixamorig_RightToe_End,39,1,0,0,0,0,1,0,0,0,0,1,0,0,5.145572185516357,0,1
@34,0,1,2,3,4,5,7,8,9,10,11,12,13,15,16,17,19,20,21,22,23,24,25,27,28,29,31,32,33,34,36,37,38,39
K0.000,0.7302839756011963,0.006837000139057636,0.6831099987030029,0,0.04801400005817413,0.9969630241394043,-0.06130700185894966,0,-0.6814550161361694,0.07756999880075455,0.7277380228042603,0,1.0914009809494019,51.755287170410156,-1.4619250297546387,1,0.9965280294418335,-0.017736999318003654,-0.08135099709033966,0,0.02352200075984001,0.9972190260887146,0.07071799784898758,0,0.07987000048160553,-0.0723859965801239,0.9941740036010742,0,0,10.15488052368164,-0.29943200945854187,1,0.986175000667572,-0.015562999993562698,-0.16497200727462769,0,0.04840699955821037,0.9792090058326721,0.19699299335479736,0,0.15847599506378174,-0.2022549957036972,0.9664250016212463,0,0,11.852499961853027,0,1,0.986175000667572,-0.015562999993562698,-0.16497200727462769,0,0.04840699955821037,0.9792090058326721,0.19699299335479736,0,0.15847699344158173,-0.2022549957036972,0.9664250016212463,0,0,13.54572582244873,0,1,0.9997429847717285,0.0044570001773536205,0.022234000265598297,0,-0.003438000101596117,0.9989500045776367,-0.0456870011985302,0,-0.02241400070488453,0.04559899866580963,0.9987080097198486,0,0,15.238935470581055,0,1,0.9370309710502625,-0.04470900073647499,-0.34637099504470825,0,0.006188000086694956,0.9937419891357422,-0.11152999848127365,0,0.34918999671936035,0.10236400365829468,0.931443989276886,0,0,6.069733142852783,0.0718419998884201,1,0.00752299977466464,0.024517999961972237,-0.9996709823608398,0,0.971776008605957,-0.23589900135993958,0.0015269999857991934,0,-0.23578399419784546,-0.9714679718017578,-0.025599999353289604,0,12.931761741638184,13.36662483215332,-0.024089999496936798,1,0.9698479771614075,-0.049208998680114746,0.23868900537490845,0,-0.1763020008802414,0.534529983997345,0.8265560269355774,0,-0.16826100647449493,-0.843716025352478,0.509738028049469,0,0,26.221097946166992,0,1,0.24603000283241272,0.19974300265312195,0.9484580159187317,0,-0.7391520142555237,0.671658992767334,0.05028599873185158,0,-0.6269959807395935,-0.7134259939193726,0.3128879964351654,0,0,16.07257843017578,0,1,-0.4067069888114929,-0.12095600366592407,-0.9055160284042358,0,-0.34196099638938904,0.9392930269241333,0.02812200039625168,0,0.8471440076828003,0.3210889995098114,-0.42337900400161743,0,0,23.019641876220703,0,1,0.8429269790649414,0.5298759937286377,-0.09330400079488754,0,-0.4357999861240387,0.7741199731826782,0.45914798974990845,0,0.3155199885368347,-0.3463659882545471,0.8834459781646729,0,-5.102105140686035,5.694654941558838,0,1,0.997963011264801,-0.05946600064635277,0.02310900017619133,0,0.059741999953985214,0.9981480240821838,-0.011424999684095383,0,-0.022386999800801277,0.012782000005245209,0.9996680021286011,0,-0.2425439953804016,6.111946105957031,0,1,0.954371988773346,0.2978389859199524,0.021598000079393387,0,-0.29781100153923035,0.954613983631134,-0.004581000190228224,0,-0.021981999278068542,-0.0020600000862032175,0.9997559785842896,0,-0.6389309763908386,6.818601131439209,0,1,0.9930999875068665,0.1155180037021637,-0.020191000774502754,0,-0.11455799639225006,0.9924610257148743,0.0435510016977787,0,0.02507000043988228,-0.04093800112605095,0.9988470077514648,0,0,12.069541931152344,0.2830030024051666,1,0.9977520108222961,0.0669649988412857,0.002397000091150403,0,-0.06514400243759155,0.9609940052032471,0.2687869966030121,0,0.015696000307798386,-0.26833900809288025,0.9631969928741455,0,-0.2065349966287613,9.248311042785645,0,1,0.989691972732544,0.14266300201416016,0.012494999915361404,0,-0.142658993601799,0.9897710084915161,-0.001218999968841672,0,-0.012540999799966812,-0.0005760000203736126,0.9999210238456726,0,-0.2367130070924759,5.1582818031311035,0,1,0.1540980041027069,-0.02492400072515011,0.9877409934997559,0,-0.9507709741592407,-0.27577000856399536,0.1413709968328476,0,0.26886600255966187,-0.9609000086784363,-0.06619299948215485,0,-12.931761741638184,13.368457794189453,-0.08627299964427948,1,0.9011769890785217,0.4332300126552582,-0.01385399978607893,0,-0.24393799901008606,0.5333250164985657,0.8099740147590637,0,0.3582940101623535,-0.7265499830245972,0.5863019824028015,0,0,26.221097946166992,0,1,0.11196500062942505,0.012373000383377075,-0.9936349987983704,0,0.6700479984283447,0.7374709844589233,0.08468499779701233,0,0.7338250279426575,-0.6752650141716003,0.0742809996008873,0,0,16.070491790771484,0,1,-0.31400400400161743,-0.26867398619651794,0.9106130003929138,0,-0.18316400051116943,0.9582489728927612,0.21956899762153625,0,-0.9315860271453857,-0.09784600138664246,-0.3501049876213074,0,0,23.006677627563477,0,1,0.8483989834785461,-0.5137529969215393,-0.12758199870586395,0,0.5293239951133728,0.8206369876861572,0.21533699333667755,0,-0.005931000225245953,-0.2502239942550659,0.9681699872016907,0,4.856080055236816,5.508211135864258,0.000003000000106112566,1,0.9171500205993652,0.398283988237381,0.014312000013887882,0,-0.3967370092868805,0.9089969992637634,0.1277640014886856,0,0.037877000868320465,-0.1228569969534874,0.9917010068893433,0,0.11964300274848938,5.873307228088379,0,1,0.9744300246238708,-0.22455599904060364,-0.00785099994391203,0,0.22455400228500366,0.974461019039154,-0.0011180000146850944,0,0.00790099985897541,-0.000674000009894371,0.9999690055847168,0,0.5851889848709106,6.872167110443115,0,1,0.9999359846115112,-0.010684000328183174,-0.003671000013127923,0,0.010985000059008598,0.9953830242156982,0.09535600244998932,0,0.002635000040754676,-0.09538999944925308,0.9954360127449036,0,0,11.272738456726074,0.16046999394893646,1,0.9999889731407166,0.004774000030010939,0.00007999999797903001,0,-0.004606000147759914,0.9601219892501831,0.2795430123806,0,0.0012570000253617764,-0.2795400023460388,0.9601330161094666,0,-0.01638299971818924,8.495157241821289,0,1,0.9771789908409119,-0.21206599473953247,-0.012195000424981117,0,0.2120639979839325,0.9772549867630005,-0.0015119999879971147,0,0.012237999588251114,-0.001108999946154654,0.9999240040779114,0,0.6223239898681641,6.868310928344727,0,1,-0.9543889760971069,-0.21500800549983978,0.2071560025215149,0,0.2968690097332001,-0.7572630047798157,0.5817400217056274,0,0.03179299831390381,0.616703987121582,0.7865530252456665,0,15.206181526184082,-5.639214038848877,0.4854309856891632,1,0.9626870155334473,-0.2046159952878952,-0.17710299789905548,0,-0.04125199839472771,0.5358359813690186,-0.843313992023468,0,0.26745301485061646,0.8191540241241455,0.5074009895324707,0,0,25.565828323364258,0,1,0.9859570264816284,-0.16638800501823425,-0.014281000010669231,0,0.10039400309324265,0.5222060084342957,0.8468890190124512,0,-0.13345499336719513,-0.836430013179779,0.5315769910812378,0,0,19.34305763244629,0,1,0.9977610111236572,-0.023521000519394875,-0.06260299682617188,0,0.06353200227022171,0.6256840229034424,0.7774850130081177,0,0.020882999524474144,-0.7797219753265381,0.6257780194282532,0,0,12.453317642211914,0,1,-0.9099979996681213,0.3595309853553772,-0.20649699866771698,0,-0.35058000683784485,-0.9331330060958862,-0.07972600311040878,0,-0.22135299444198608,-0.00015700000221841037,0.975193977355957,0,-15.206181526184082,-5.639214038848877,-0.017153000459074974,1,0.996146023273468,-0.0456559993326664,-0.07488899677991867,0,-0.03449000045657158,0.5811430215835571,-0.8130699992179871,0,0.08064299821853638,0.8125190138816833,0.5773289799690247,0,0,25.640430450439453,0,1,0.9177349805831909,0.36871498823165894,0.14768999814987183,0,-0.15790200233459473,-0.002509000012651086,0.98745197057724,0,0.36445799469947815,-0.9295390248298645,0.055918000638484955,0,0,19.428544998168945,0,1,1,0.000195999993593432,0.0008089999901130795,0,-0.0007399999885819852,0.6526790261268616,0.7576339840888977,0,-0.00037900000461377203,-0.7576339840888977,0.6526790261268616,0,0,12.713443756103516,0,1
K0.033,0.7293369174003601,0.00335399410687387,0.6841460466384888,0,0.039392728358507156,0.9981229901313782,-0.04688769951462746,0,-0.6830201148986816,0.06114659458398819,0.7278359532356262,0,1.2724417448043823,51.689552307128906,-1.4774603843688965,1,0.996957004070282,-0.018302995711565018,-0.07577991485595703,0,0.02369799092411995,0.9972010254859924,0.0709170252084732,0,0.07426891475915909,-0.07249702513217926,0.9945999979972839,0,0,10.15488052368164,-0.29943200945854187,1,0.9878929853439331,-0.01732700504362583,-0.15416483581066132,0,0.04799797758460045,0.9791219830513,0.19752605259418488,0,0.14752383530139923,-0.2025340497493744,0.9680989980697632,0,0,11.852499961853027,0,1,0.9878929853439331,-0.01732700504362583,-0.15416483581066132,0,0.04799797758460045,0.9791219830513,0.19752605259418488,0,0.14752383530139923,-0.2025340497493744,0.9680989980697632,0,0,13.54572582244873,0,1,0.9998930096626282,0.0072820158675313,0.012720816768705845,0,-0.006555027794092894,0.9983909726142883,-0.056324299424886703,0,-0.013110820204019547,0.05623529851436615,0.9983310103416443,0,0,15.238935470581055,0,1,0.9339719414710999,-0.045927274972200394,-0.35438311100006104,0,0.011104252189397812,0.9949579834938049,-0.09967807680368423,0,0.3571741580963135,0.08916196972131729,0.9297729134559631,0,0,6.069733142852783,0.0718419998884201,1,-0.003172102617099881,0.023978983983397484,-0.9997069835662842,0,0.9709189534187317,-0.23924411833286285,-0.00881909765303135,0,-0.23938612639904022,-0.9706630110740662,-0.022522957995533943,0,12.931761741638184,13.36662483215332,-0.024089999496936798,1,0.970363974571228,-0.06816339492797852,0.23183590173721313,0,-0.1568126380443573,0.5523322224617004,0.8187419176101685,0,-0.18385930359363556,-0.830832839012146,0.5252741575241089,0,0,26.221097946166992,0,1,0.2255813479423523,0.21053725481033325,0.9512030482292175,0,-0.76625657081604,0.641302227973938,0.039775583893060684,0,-0.6016343832015991,-0.7378385066986084,0.3059917986392975,0,0,16.07257843017578,0,1,-0.40280893445014954,-0.11693990230560303,-0.907783031463623,0,-0.3202427625656128,0.9471220374107361,0.02009296603500843,0,0.8574321269989014,0.29880478978157043,-0.41895791888237,0,0,23.019641876220703,0,1,0.8379088044166565,0.5400713086128235,-0.07894963771104813,0,-0.45409247279167175,0.7700298428535461,0.4481677711009979,0,0.30283570289611816,-0.33967387676239014,0.8904561400413513,0,-5.102105140686035,5.694654941558838,0,1,0.9978129863739014,-0.06191803887486458,0.023148002102971077,0,0.06218203902244568,0.9980059862136841,-0.010855994187295437,0,-0.022430002689361572,0.012270995415747166,0.9996730089187622,0,-0.2425439953804016,6.111946105957031,0,1,0.954371988773346,0.2978389859199524,0.021598000079393387,0,-0.29781100153923035,0.954613983631134,-0.004581000190228224,0,-0.021981999278068542,-0.0020600000862032175,0.9997559785842896,0,-0.6389309763908386,6.818601131439209,0,1,0.99310702085495,0.1156570240855217,-0.019024966284632683,0,-0.11456701159477234,0.9921110272407532,0.050892170518636703,0,0.024760987609624863,-0.04836217686533928,0.9985229969024658,0,0,12.069541931152344,0.2830030024051666,1,0.997639000415802,0.06861904263496399,0.0027170085813850164,0,-0.06677204370498657,0.9600300192832947,0.2718140780925751,0,0.016043009236454964,-0.271354079246521,0.9623460173606873,0,-0.2065349966287613,9.248311042785645,0,1,0.989691972732544,0.14266300201416016,0.012494999915361404,0,-0.142658993601799,0.9897710084915161,-0.001218999968841672,0,-0.012540999799966812,-0.0005760000203736126,0.9999210238456726,0,-0.2367130070924759,5.1582818031311035,0,1,0.14176075160503387,-0.02441999316215515,0.9896000623703003,0,-0.9521870613098145,-0.2766779661178589,0.1295737475156784,0,0.2706359922885895,-0.9606519937515259,-0.062474917620420456,0,-12.931761741638184,13.368457794189453,-0.08627299964427948,1,0.9174801111221313,0.396877646446228,-0.026790138334035873,0,-0.22403283417224884,0.5712094902992249,0.7896376252174377,0,0.3286927044391632,-0.7184757590293884,0.6129873991012573,0,0,26.221097946166992,0,1,0.14240524172782898,0.010580603964626789,-0.989751935005188,0,0.68192458152771,0.7237223386764526,0.10585200041532516,0,0.7174263000488281,-0.690009593963623,0.09584735333919525,0,0,16.070491790771484,0,1,-0.30165407061576843,-0.25364169478416443,0.9190590381622314,0,-0.17069587111473083,0.9627560377120972,0.20967571437358856,0,-0.9380130171775818,-0.09362996369600296,-0.3337149918079376,0,0,23.006677627563477,0,1,0.8432048559188843,-0.5221622586250305,-0.12787902355194092,0,0.5375862121582031,0.8178558945655823,0.20521175861358643,0,-0.002566899871453643,-0.2417818158864975,0.9703270792961121,0,4.856080055236816,5.508211135864258,0.000003000000106112566,1,0.9224231243133545,0.3859896957874298,0.012161952443420887,0,-0.3844996988773346,0.9150181412696838,0.12207286804914474,0,0.03598995879292488,-0.11727886646986008,0.992447018623352,0,0.11964300274848938,5.873307228088379,0,1,0.9744290113449097,-0.22455599904060364,-0.00785099994391203,0,0.22455400228500366,0.974461019039154,-0.0011180000146850944,0,0.007902000099420547,-0.000674000009894371,0.9999690055847168,0,0.5851889848709106,6.872167110443115,0,1,0.9998459815979004,-0.016826152801513672,-0.005084039177745581,0,0.017244156450033188,0.9950069785118103,0.09830806404352188,0,0.0034040214959532022,-0.09838106483221054,0.9951429963111877,0,0,11.272738456726074,0.16046999394893646,1,0.9999920129776001,0.003908976912498474,-0.00001000243082671659,0,-0.0037479770835489035,0.9596400260925293,0.28120502829551697,0,0.0011079959804192185,-0.281203031539917,0.9596480131149292,0,-0.01638299971818924,8.495157241821289,0,1,0.9771789908409119,-0.21206599473953247,-0.012195000424981117,0,0.2120629996061325,0.9772549867630005,-0.0015119999879971147,0,0.012237999588251114,-0.001108999946154654,0.9999250173568726,0,0.6223239898681641,6.868310928344727,0,1,-0.9562280178070068,-0.215224951505661,0.1982569545507431,0,0.29208993911743164,-0.7428615093231201,0.6023616194725037,0,0.017633777111768723,0.6339045166969299,0.7732105255126953,0,15.206181526184082,-5.639214038848877,0.4854309856891632,1,0.9659980535507202,-0.19481194019317627,-0.16998876631259918,0,-0.04250897094607353,0.5288515090942383,-0.8476492762565613,0,0.2550307810306549,0.8260533213615417,0.5025885701179504,0,0,25.565828323364258,0,1,0.9850630164146423,-0.17161501944065094,-0.014142002910375595,0,0.10302098840475082,0.5215388536453247,0.8469850420951843,0,-0.13798001408576965,-0.8357900381088257,0.531428873538971,0,0,19.34305763244629,0,1,0.9978449940681458,-0.021415142342448235,-0.06202582269906998,0,0.06178794801235199,0.6248790621757507,0.7782719135284424,0,0.022091783583164215,-0.7804269194602966,0.6248561143875122,0,0,12.453317642211914,0,1,-0.9139950275421143,0.35189101099967957,-0.20195497572422028,0,-0.3482561707496643,-0.9358159303665161,-0.05446809157729149,0,-0.20815864205360413,0.020547859370708466,0.977878987789154,0,-15.206181526184082,-5.639214038848877,-0.017153000459074974,1,0.9952970147132874,-0.051630955189466476,-0.08196596801280975,0,-0.03758807107806206,0.5739972591400146,-0.8179934620857239,0,0.08928190916776657,0.8172274827957153,0.5693572759628296,0,0,25.640430450439453,0,1,0.9162579774856567,0.3723370432853699,0.14777109026908875,0,-0.1585259586572647,-0.0017503270646557212,0.9873530268669128,0,0.36788704991340637,-0.9280959963798523,0.057421691715717316,0,0,19.428544998168945,0,1,0.9999949932098389,0.0016809882363304496,0.002843996975570917,0,-0.003248990047723055,0.655672013759613,0.7550389766693115,0,-0.0005950069171376526,-0.7550439834594727,0.6556730270385742,0,0,12.713443756103516,0,1
K0.067,0.7214750647544861,0.002773005748167634,0.6924349665641785,0,0.012299269437789917,0.9997829794883728,-0.016818298026919365,0,-0.6923308968544006,0.020650401711463928,0.7212850451469421,0,1.8399033546447754,50.973655700683594,-1.6206516027450562,1,0.9975759983062744,-0.01790500432252884,-0.06724108010530472,0,0.022846009582281113,0.9970380067825317,0.07343897968530655,0,0.06572708487510681,-0.07479697465896606,0.9950299859046936,0,0,10.15488052368164,-0.29943200945854187,1,0.9903150200843811,-0.017809994518756866,-0.1376911699771881,0,0.045782022178173065,0.9781590104103088,0.2027529627084732,0,0.13107316195964813,-0.2070939540863037,0.9695010185241699,0,0,11.852499961853027,0,1,0.9903150200843811,-0.017809994518756866,-0.1376921683549881,0,0.045782022178173065,0.9781590104103088,0.2027529627084732,0,0.13107316195964813,-0.2070939540863037,0.9695010185241699,0,0,13.54572582244873,0,1,0.9999449849128723,0.008873984217643738,-0.005650817416608334,0,-0.00932697206735611,0.9962509870529175,-0.0860087051987648,0,0.004866821225732565,0.08605670183897018,0.9962779879570007,0,0,15.238935470581055,0,1,0.9274020791053772,-0.07345672696828842,-0.36678189039230347,0,0.0362977497279644,0.9935740232467651,-0.10720692574977875,0,0.37229984998703003,0.08611103147268295,0.9241090416908264,0,0,6.069733142852783,0.0718419998884201,1,-0.013422898948192596,0.022289017215371132,-0.9996610283851624,0,0.9677720665931702,-0.25114187598228455,-0.01859390363097191,0,-0.2514718770980835,-0.9676939845085144,-0.018200043588876724,0,12.931761741638184,13.36662483215332,-0.024089999496936798,1,0.9691950082778931,-0.10772360861301422,0.2214871048927307,0,-0.12138935178518295,0.5735417604446411,0.8101320862770081,0,-0.21430270373821259,-0.8120622038841248,0.5427978038787842,0,0,26.221097946166992,0,1,0.159910649061203,0.2360217422246933,0.9584999680519104,0,-0.8244773745536804,0.56589275598526,-0.0017945868894457817,0,-0.5428315997123718,-0.7899744510650635,0.2850862145423889,0,0,16.07257843017578,0,1,-0.3964540660381317,-0.10736409574747086,-0.9117549657821655,0,-0.29715225100517273,0.954681932926178,0.016791032627224922,0,0.8686338663101196,0.2775872051715851,-0.41039109230041504,0,0,23.019641876220703,0,1,0.8211041688919067,0.5691916942596436,-0.04253636300563812,0,-0.5005555152893066,0.753892183303833,0.42554622888565063,0,0.27428528666496277,-0.32812613248825073,0.9039359092712402,0,-5.102105140686035,5.694654941558838,0,1,0.9975699782371521,-0.06567396223545074,0.023259997367858887,0,0.06592896580696106,0.9977710247039795,-0.010340005159378052,0,-0.0225289985537529,0.011848004534840584,0.999675989151001,0,-0.2425439953804016,6.111946105957031,0,1,0.954371988773346,0.2978389859199524,0.021598000079393387,0,-0.29781100153923035,0.954613983631134,-0.004581000190228224,0,-0.02198299951851368,-0.0020600000862032175,0.9997559785842896,0,-0.6389309763908386,6.818601131439209,0,1,0.9929329752922058,0.11764197796583176,-0.015649033710360527,0,-0.11632798612117767,0.9908810257911682,0.06798683106899261,0,0.023505013436079025,-0.06568583101034164,0.9975630044937134,0,0,12.069541931152344,0.2830030024051666,1,0.9973239898681641,0.07301495224237442,0.0035869914572685957,0,-0.07109895348548889,0.9574069976806641,0.27985090017318726,0,0.01699899137020111,-0.27935791015625,0.9600369930267334,0,-0.2065349966287613,9.248311042785645,0,1,0.989691972732544,0.14266300201416016,0.012494999915361404,0,-0.142658993601799,0.9897710084915161,-0.001218999968841672,0,-0.012540999799966812,-0.0005760000203736126,0.9999210238456726,0,-0.2367130070924759,5.1582818031311035,0,1,0.11581026017665863,-0.023724008351564407,0.9929879307746887,0,-0.9560839533805847,-0.27365103363990784,0.10496824234724045,0,0.26924198865890503,-0.9615359902381897,-0.054374080151319504,0,-12.931761741638184,13.368457794189453,-0.08627299964427948,1,0.9319058656692505,0.36041635274887085,-0.040628861635923386,0,-0.2070261687040329,0.6205565333366394,0.7563393712043762,0,0.29781028628349304,-0.6964262127876282,0.6529166102409363,0,0,26.221097946166992,0,1,0.16567476093769073,-0.029000606387853622,-0.9857540726661682,0,0.7437384128570557,0.6600796580314636,0.10558000206947327,0,0.6476147174835205,-0.7506353855133057,0.1309276521205902,0,0,16.070491790771484,0,1,-0.30760693550109863,-0.22243131697177887,0.9251499176025391,0,-0.15726213157176971,0.9708059430122375,0.18112027645111084,0,-0.9384279847145081,-0.08977703750133514,-0.3336060047149658,0,0,23.006677627563477,0,1,0.8288631439208984,-0.5438187718391418,-0.13133196532726288,0,0.5594027638435364,0.8087541460990906,0.18162024021148682,0,0.007446900475770235,-0.22400517761707306,0.9745599627494812,0,4.856080055236816,5.508211135864258,0.000003000000106112566,1,0.9340218901634216,0.3571392893791199,0.007401047274470329,0,-0.3557853102684021,0.9282279014587402,0.10867613554000854,0,0.03194304183125496,-0.10413913428783417,0.9940500259399414,0,0.11964300274848938,5.873307228088379,0,1,0.9744300246238708,-0.22455599904060364,-0.00785099994391203,0,0.22455400228500366,0.974461019039154,-0.0011180000146850944,0,0.00790099985897541,-0.000674000009894371,0.9999690055847168,0,0.5851889848709106,6.872167110443115,0,1,0.9994440078735352,-0.03210684657096863,-0.008976960554718971,0,0.032872844487428665,0.9939330220222473,0.10495593398809433,0,0.005552978720515966,-0.10519292950630188,0.9944360256195068,0,0,11.272738456726074,0.16046999394893646,1,0.9999989867210388,0.0015970229869708419,-0.00025299758999608457,0,-0.001458022859878838,0.9583340287208557,0.2856449782848358,0,0.0006990041001699865,-0.28564396500587463,0.9583349823951721,0,-0.01638299971818924,8.495157241821289,0,1,0.9771789908409119,-0.21206599473953247,-0.012195000424981117,0,0.2120639979839325,0.9772549867630005,-0.0015119999879971147,0,0.012237999588251114,-0.001108999946154654,0.9999240040779114,0,0.6223239898681641,6.868310928344727,0,1,-0.9580770134925842,-0.21051804721355438,0.19434703886508942,0,0.2864740490913391,-0.6928665041923523,0.6617164015769958,0,-0.004645778331905603,0.6896504759788513,0.724127471446991,0,15.206181526184082,-5.639214038848877,0.4854309856891632,1,0.9710989594459534,-0.18812106549739838,-0.14689022302627563,0,-0.039406031370162964,0.48062148690223694,-0.8760427236557007,0,0.2354011982679367,0.856512725353241,0.4593174159526825,0,0,25.565828323364258,0,1,0.9848909974098206,-0.17257298529148102,-0.014459997415542603,0,0.10171801596879959,0.5088881254196167,0.8548019528388977,0,-0.14015798270702362,-0.8433569669723511,0.5187531113624573,0,0,19.34305763244629,0,1,0.9983919858932495,-0.03563985973596573,-0.04407517984509468,0,0.05668005347251892,0.633700966835022,0.7714990377426147,0,0.0004352152463980019,-0.7727570533752441,0.6347019076347351,0,0,12.453317642211914,0,1,-0.9141690135002136,0.35272300243377686,-0.19970403611660004,0,-0.36663782596588135,-0.929654061794281,0.036347098648548126,0,-0.1728353649377823,0.10644613951444626,0.9791820049285889,0,-15.206181526184082,-5.639214038848877,-0.017153000459074974,1,0.9957829713821411,-0.047058045864105225,-0.07875602692365646,0,-0.04459092766046524,0.5019707083702087,-0.8637345433235168,0,0.08017808943986893,0.8636035323143005,0.4977557063102722,0,0,25.640430450439453,0,1,0.9141420125961304,0.37413597106933594,0.15609991550445557,0,-0.1545160412788391,-0.03443167731165886,0.9873899817466736,0,0.3747929334640503,-0.926734983921051,0.026335308328270912,0,0,19.428544998168945,0,1,0.9999970197677612,0.0005060117109678686,0.002539003035053611,0,-0.0022460101172327995,0.6572610139846802,0.7536600232124329,0,-0.001286993152461946,-0.7536630034446716,0.657260000705719,0,0,12.713443756103516,0,1
K0.100,0.6986709833145142,-0.00423299940302968,0.7154309749603271,0,-0.033254995942115784,0.9987099766731262,0.038384996354579926,0,-0.7146700024604797,-0.05060999467968941,0.6976289749145508,0,2.6220951080322266,49.37782287597656,-1.7933399677276611,1,0.9980369806289673,-0.016850000247359276,-0.06031600013375282,0,0.021445000544190407,0.996849000453949,0.07636599987745285,0,0.05883900076150894,-0.07750999927520752,0.9952539801597595,0,0,10.15488052368164,-0.29943200945854187,1,0.9920589923858643,-0.016340000554919243,-0.12470799684524536,0,0.0423320010304451,0.977055013179779,0.2087389975786209,0,0.11843600124120712,-0.21236099302768707,0.9699869751930237,0,0,11.852499961853027,0,1,0.9920589923858643,-0.016340000554919243,-0.12470799684524536,0,0.0423320010304451,0.977055013179779,0.2087389975786209,0,0.11843600124120712,-0.21236099302768707,0.9699869751930237,0,0,13.54572582244873,0,1,0.9994300007820129,0.004689999856054783,-0.0334319993853569,0,-0.00891599990427494,0.991811990737915,-0.12739700078964233,0,0.03255999833345413,0.12762199342250824,0.9912880063056946,0,0,15.238935470581055,0,1,0.9145569801330566,-0.1235169991850853,-0.3851360082626343,0,0.0724330022931099,0.9868509769439697,-0.1444929987192154,0,0.3979189991950989,0.10425099730491638,0.9114779829978943,0,0,6.069733142852783,0.0718419998884201,1,-0.02214200049638748,0.020086999982595444,-0.9995530247688293,0,0.9612439870834351,-0.2743909955024719,-0.02680799923837185,0,-0.27480700612068176,-0.9614080190658569,-0.013233000412583351,0,12.931761741638184,13.36662483215332,-0.024089999496936798,1,0.965067982673645,-0.16640399396419525,0.2023710012435913,0,-0.06842099875211716,0.585536003112793,0.8077539801597595,0,-0.25290900468826294,-0.7933840155601501,0.5536959767341614,0,0,26.221097946166992,0,1,0.06379000842571259,0.2553989887237549,0.9647290110588074,0,-0.8951150178909302,0.4420669972896576,-0.057843998074531555,0,-0.44124799966812134,-0.859853982925415,0.2568109929561615,0,0,16.07257843017578,0,1,-0.38940200209617615,-0.07902500033378601,-0.9176719784736633,0,-0.3167420029640198,0.9470379948616028,0.052852001041173935,0,0.8648930191993713,0.31124600768089294,-0.3938089907169342,0,0,23.019641876220703,0,1,0.7895179986953735,0.6136969923973083,0.0061859977431595325,0,-0.56706702709198,0.7255989909172058,0.3897959887981415,0,0.23472799360752106,-0.311259001493454,0.9208800196647644,0,-5.102105140686035,5.694654941558838,0,1,0.9971950054168701,-0.07109600305557251,0.023375999182462692,0,0.07133699953556061,0.997406005859375,-0.009619999676942825,0,-0.022631999105215073,0.01126100029796362,0.9996799826622009,0,-0.2425439953804016,6.111946105957031,0,1,0.954371988773346,0.2978389859199524,0.021598000079393387,0,-0.29781100153923035,0.954613983631134,-0.004581000190228224,0,-0.021981999278068542,-0.0020600000862032175,0.9997559785842896,0,-0.6389309763908386,6.818601131439209,0,1,0.992667019367218,0.12043099850416183,-0.010401000268757343,0,-0.11895400285720825,0.9885280132293701,0.09307499974966049,0,0.021491000428795815,-0.09115500003099442,0.9956049919128418,0,0,12.069541931152344,0.2830030024051666,1,0.9968289732933044,0.07941800355911255,0.004891000222414732,0,-0.0773869976401329,0.953370988368988,0.2917090058326721,0,0.018503999337553978,-0.29116299748420715,0.9564949870109558,0,-0.2065349966287613,9.248311042785645,0,1,0.989691972732544,0.14266300201416016,0.012494999915361404,0,-0.142658993601799,0.9897710084915161,-0.001218999968841672,0,-0.012540999799966812,-0.0005760000203736126,0.9999210238456726,0,-0.2367130070924759,5.1582818031311035,0,1,0.07969900220632553,-0.022532999515533447,0.9965639710426331,0,-0.9607030153274536,-0.26840800046920776,0.07076200097799301,0,0.2658909857273102,-0.9630420207977295,-0.043039001524448395,0,-12.931761741638184,13.368457794189453,-0.08627299964427948,1,0.9381549954414368,0.34356099367141724,-0.04279499873518944,0,-0.21032099425792694,0.6637300252914429,0.7177940011024475,0,0.27501100301742554,-0.6644009947776794,0.6949399709701538,0,0,26.221097946166992,0,1,0.16895200312137604,-0.09726300090551376,-0.9808130264282227,0,0.8447989821434021,0.5268920063972473,0.09327299892902374,0,0.5077109932899475,-0.8443480134010315,0.17118699848651886,0,0,16.070491790771484,0,1,-0.3423829972743988,-0.19501900672912598,0.9190980195999146,0,-0.09008000046014786,0.9805290102958679,0.17449699342250824,0,-0.9352319836616516,-0.023048004135489464,-0.35328400135040283,0,0,23.006677627563477,0,1,0.8065739870071411,-0.5755620002746582,-0.13478100299835205,0,0.5907319784164429,0.7931870222091675,0.14795400202274323,0,0.02174999937415123,-0.1989549994468689,0.9797670245170593,0,4.856080055236816,5.508211135864258,0.000003000000106112566,1,0.9493950009346008,0.31408101320266724,0.0011750002158805728,0,-0.3129439949989319,0.9456250071525574,0.08865000307559967,0,0.026731999590992928,-0.08453100174665451,0.9960619807243347,0,0.11964300274848938,5.873307228088379,0,1,0.9744300246238708,-0.22455599904060364,-0.00785099994391203,0,0.22455400228500366,0.974461019039154,-0.0011180000146850944,0,0.007902000099420547,-0.000674000009894371,0.9999690055847168,0,0.5851889848709106,6.872167110443115,0,1,0.9984009861946106,-0.05446600168943405,-0.015103000216186047,0,0.05584200099110603,0.9918360114097595,0.11463899910449982,0,0.008735000155866146,-0.11529900133609772,0.993291974067688,0,0,11.272738456726074,0.16046999394893646,1,0.9999979734420776,-0.001758999889716506,-0.0006210000137798488,0,0.001863999874331057,0.9563909769058228,0.2920849919319153,0,0.00008000002708286047,-0.2920849919319153,0.9563919901847839,0,-0.01638299971818924,8.495157241821289,0,1,0.9771789908409119,-0.21206599473953247,-0.012195000424981117,0,0.2120629996061325,0.9772549867630005,-0.0015119999879971147,0,0.012237999588251114,-0.001108999946154654,0.9999250173568726,0,0.6223239898681641,6.868310928344727,0,1,-0.9480779767036438,-0.2129179984331131,0.23624999821186066,0,0.3172140121459961,-0.5796319842338562,0.7506009936332703,0,-0.022878000512719154,0.7865710258483887,0.6170759797096252,0,15.206181526184082,-5.639214038848877,0.4854309856891632,1,0.9699469804763794,-0.22092099487781525,-0.10196200013160706,0,-0.01455100066959858,0.3656339943408966,-0.9306449890136719,0,0.24288000166416168,0.9041600227355957,0.3514310121536255,0,0,25.565828323364258,0,1,0.9887890219688416,-0.14878299832344055,-0.012662000022828579,0,0.08280699700117111,0.4758029878139496,0.8756449818611145,0,-0.12425699830055237,-0.866877019405365,0.48278799653053284,0,0,19.34305763244629,0,1,0.9988229870796204,-0.035523999482393265,-0.03302700072526932,0,0.048121001571416855,0.6401619911193848,0.7667310237884521,0,-0.006093999370932579,-0.7674180269241333,0.6411179900169373,0,0,12.453317642211914,0,1,-0.9097970128059387,0.35692501068115234,-0.21183399856090546,0,-0.3973039984703064,-0.8965780138969421,0.19569699466228485,0,-0.12007699906826019,0.2622070014476776,0.9575120210647583,0,-15.206181526184082,-5.639214038848877,-0.017153000459074974,1,0.9980760216712952,-0.007210001815110445,-0.06158899888396263,0,-0.054708998650312424,0.36517098546028137,-0.9293310046195984,0,0.029191002249717712,0.9309120178222656,0.3640739917755127,0,0,25.640430450439453,0,1,0.9187530279159546,0.35972198843955994,0.16276900470256805,0,-0.1384579986333847,-0.09253700077533722,0.9860360026359558,0,0.36976099014282227,-0.9284589886665344,-0.035211995244026184,0,0,19.428544998168945,0,1,0.9999960064888,-0.0026409998536109924,0.00033300009090453386,0,0.0014869999140501022,0.6580479741096497,0.7529749870300293,0,-0.002208000048995018,-0.7529709935188293,0.6580489873886108,0,0,12.713443756103516,0,1
