0.633,30,18,41
B0,mixamorig_Hips,-1,0.9791520237922668,0.08622433245182037,-0.18282827734947205,0,-0.053813349455595016,0.9831130504608154,0.17458367347717285,0,0.19475488364696503,-0.16123875975608826,0.9672872424125671,0,0.46234026551246643,53.25812530517578,-4.854379177093506,1
B1,mixamorig_Spine,0,0.9534463882446289,-0.08026911318302155,0.28754162788391113,0,0.0709538459777832,0.9955848455429077,0.04828206077218056,0,-0.2901870608329773,-0.02567126229405403,0.954919695854187,0,0,10.15488052368164,-0.29943200945854187,1
B2,mixamorig_Spine1,1,0.9976484179496765,0.06054395064711571,0.030763139948248863,0,-0.06116136536002159,0.9978927373886108,0.017339928075671196,0,-0.02957126684486866,-0.01921943761408329,0.9992982149124146,0,0,11.852499961853027,0,1
B3,mixamorig_Spine2,2,0.9978172183036804,0.057114921510219574,0.032007381319999695,0,-0.058950357139110565,0.996477484703064,0.05487435683608055,0,-0.0286349356174469,-0.056672096252441406,0.9977014660835266,0,0,13.54572582244873,0,1
B4,mixamorig_Neck,3,0.9996324181556702,-0.020277801901102066,-0.017179058864712715,0,0.02024141699075699,0.9997866749763489,-0.002583618275821209,0,0.017232323065400124,0.002248439472168684,0.9998387694358826,0,0,15.238935470581055,0,1
B5,mixamorig_Head,4,0.9917377829551697,-0.08195916563272476,-0.0963800922036171,0,0.046117786318063736,0.9434431791305542,-0.32829922437667847,0,0.11783969402313232,0.3211604654788971,0.9394226670265198,0,0,6.069733142852783,0.0718419998884201,1
B6,mixamorig_HeadTop_End,5,1,0,0,0,0,1,0,0,0,0,1,0,0,77.56666564941406,0.9180859923362732,1
B7,mixamorig_LeftShoulder,3,0.10611976683139801,0.03849026560783386,-0.993550717830658,0,0.9775446057319641,-0.1865779310464859,0.09714800119400024,0,-0.18160368502140045,-0.981647789478302,-0.057503506541252136,0,12.931761741638184,13.36662483215332,-0.024089999496936798,1
B8,mixamorig_LeftArm,7,0.9639471173286438,0.18576116859912872,-0.15047913789749146,0,0.022673677653074265,0.5542157888412476,0.8224006295204163,0,0.23340149223804474,-0.8092886805534363,0.536125659942627,0,0,26.221097946166992,0,1
B9,mixamorig_LeftForeArm,8,-0.009077495895326138,0.17128975689411163,0.9850132465362549,0,-0.9629160761833191,-0.2475450485944748,0.03417329117655754,0,0.24975329637527466,-0.9481745958328247,0.16902326047420502,0,0,16.07257843017578,0,1
B10,mixamorig_LeftHand,9,-0.07353276014328003,-0.08716056495904922,-0.9895264506340027,0,-0.05585111677646637,0.9909891486167908,-0.083244688808918,0,0.9954649209976196,0.050218015909194946,-0.07944131642580032,0,0,23.019641876220703,0,1
B11,mixamorig_LeftHandThumb1,10,0.9408064484596252,0.3328486382961273,-0.05868541821837425,0,-0.32820361852645874,0.9410765767097473,0.07444868981838226,0,0.08054379373788834,-0.05053090676665306,0.9952190518379211,0,-5.102105140686035,5.694654941558838,9.999999974752427e-7,1
B12,mixamorig_LeftHandThumb2,11,0.9809749126434326,-0.19378213584423065,0.011724035255610943,0,0.19253112375736237,0.9788379669189453,0.06934504210948944,0,-0.02491305209696293,-0.06576874107122421,0.9975240230560303,0,-0.2425439953804016,6.111946105957031,0,1
B13,mixamorig_LeftHandThumb3,12,0.9661189913749695,0.2576219439506531,0.015674026682972908,0,-0.25694894790649414,0.9657660126686096,-0.035696983337402344,0,-0.024334020912647247,0.03045997954905033,0.999239981174469,0,-0.6389309763908386,6.818601131439209,0,1
B14,mixamorig_LeftHandThumb4,13,1,0,0,0,0,1,0,0,0,0,1,0,0.8814749717712402,4.155628204345703,0,1
B15,mixamorig_LeftHandIndex1,10,0.9992470145225525,-0.013225999660789967,-0.0364839993417263,0,0.015227707102894783,0.9983620047569275,0.055146001279354095,0,0.035694707185029984,-0.05565999820828438,0.9978119730949402,0,0,12.069541931152344,0.2830030024051666,1
B16,mixamorig_LeftHandIndex2,15,0.9999229907989502,0.012144000269472599,-0.0024999999441206455,0,-0.011680000461637974,0.9902560114860535,0.1387690007686615,0,0.004160999786108732,-0.1387290060520172,0.9903219938278198,0,-0.2065349966287613,9.248311042785645,0,1
B17,mixamorig_LeftHandIndex3,16,0.989109992980957,0.14650100469589233,0.01409399975091219,0,-0.1467059999704361,0.9890689849853516,0.014836292713880539,0,-0.011765999719500542,-0.016742292791604996,0.9997910261154175,0,-0.2367130070924759,5.1582818031311035,0,1
B18,mixamorig_LeftHandIndex4,17,1,0,0,0,0,1,0,0,0,0,1,0,0.4432480037212372,4.540596961975098,0,1
B19,mixamorig_RightShoulder,3,0.042777229100465775,-0.01781955547630787,0.9989060759544373,0,-0.9905833005905151,-0.1279950886964798,0.040057338774204254,0,0.12712261080741882,-0.9912428259849548,-0.023273948580026627,0,-12.931761741638184,13.368457794189453,-0.08627299964427948,1
B20,mixamorig_RightArm,19,0.6966711282730103,0.35609760880470276,0.61568683385849,0,-0.7110535502433777,0.3262229263782501,0.6158366799354553,0,0.01949307508766651,-0.8745244741439819,0.4844919443130493,0,0,26.221097946166992,0,1
B21,mixamorig_RightForeArm,20,0.02938479371368885,-0.13604190945625305,-0.9902606010437012,0,0.9987263679504395,-0.02671305648982525,0.03330618515610695,0,-0.03098721243441105,-0.9899773597717285,0.13518169522285461,0,0,16.070491790771484,0,1
B22,mixamorig_RightHand,21,-0.1946764439344406,0.2106865793466568,0.9497939348220825,0,0.3934210240840912,0.8991424441337585,-0.11830388754606247,0,-0.8946366906166077,0.3590984046459198,-0.2518824636936188,0,0,23.006677627563477,0,1
B23,mixamorig_RightHandThumb1,22,0.8982977867126465,-0.436280220746994,0.04344698786735535,0,0.4227117896080017,0.8872498273849487,0.1816588193178177,0,-0.11719418317079544,-0.14474394917488098,0.9819530844688416,0,4.856080055236816,5.508211135864258,0.000003000000106112566,1
B24,mixamorig_RightHandThumb2,23,0.9555052518844604,0.29273760318756104,0.00037576930481009185,0,-0.29250845313072205,0.9551715850830078,0.02790168859064579,0,0.008073952980339527,-0.026306206360459328,0.9994896054267883,0,0.11964300274848938,5.873307228088379,0,1
B25,mixamorig_RightHandThumb3,24,0.9848442673683167,-0.17243030667304993,0.002507709665223956,0,0.1722041666507721,0.9823755025863647,-0.07043962925672531,0,0.009777075611054897,0.06991846859455109,0.9974766969680786,0,0.5851889848709106,6.872167110443115,0,1
B26,mixamorig_RightHandThumb4,25,1,0,0,0,0,1,0,0,0,0,1,0,-0.7048320174217224,4.946209907531738,0,1
B27,mixamorig_RightHandIndex1,22,0.9994127154350281,-0.03083527833223343,0.01418041530996561,0,0.028775272890925407,0.9912436008453369,0.12745673954486847,0,-0.018073709681630135,-0.1269739270210266,0.9915689826011658,0,0,11.272738456726074,0.16046999394893646,1
B28,mixamorig_RightHandIndex2,27,0.999962568283081,0.006150595378130674,0.0037812755908817053,0,-0.007092107553035021,0.9419995546340942,0.335002064704895,0,-0.001583726960234344,-0.3350163996219635,0.9420293569564819,0,-0.01638299971818924,8.495157241821289,0,1
B29,mixamorig_RightHandIndex3,28,0.974270761013031,-0.2245182991027832,-0.019545743241906166,0,0.22526797652244568,0.9727135896682739,0.05471167713403702,0,0.006709094159305096,-0.05770561844110489,0.9982681274414062,0,0.6223239898681641,6.868310928344727,0,1
B30,mixamorig_RightHandIndex4,29,1,0,0,0,0,1,0,0,0,0,1,0,-0.6059409976005554,4.887612819671631,0,1
B31,mixamorig_LeftUpLeg,0,-0.9969608187675476,-0.05225884169340134,-0.029487840831279755,0,0.05949767678976059,-0.7167553901672363,-0.692876935005188,0,0.013712677173316479,-0.6924915313720703,0.7193083167076111,0,15.206181526184082,-5.639214038848877,0.4854309856891632,1
B32,mixamorig_LeftLeg,31,0.994611918926239,-0.08547966182231903,-0.02833254262804985,0,-0.03595737740397453,-0.14154052734375,-0.9718768000602722,0,0.0874994695186615,0.9689063429832458,-0.14538271725177765,0,0,25.565828323364258,0,1
B33,mixamorig_LeftFoot,32,0.9879683256149292,0.14688214659690857,0.037328269332647324,0,-0.10817791521549225,0.5344208478927612,0.8187606334686279,0,0.10531770437955856,-0.812674343585968,0.5447871088981628,0,0,19.34305763244629,0,1
B34,mixamorig_LeftToeBase,33,0.9999420046806335,0.000003877050858136499,-0.010764661245048046,0,0.008103538304567337,0.6580408215522766,0.7529386878013611,0,0.007086953613907099,-0.7529826760292053,0.6580028533935547,0,0,12.453317642211914,9.999999974752427e-7,1
B35,mixamorig_LeftToe_End,34,1,0,0,0,0,1,0,0,0,0,1,0,0,5.1457061767578125,0,1
B36,mixamorig_RightUpLeg,0,-0.9748130440711975,0.21718470752239227,-0.022426294162869453,0,-0.1344934105873108,-0.5250287652015686,0.8393481373786926,0,0.1709597110748291,0.8209558129310608,0.5415703654289246,0,-15.206181526184082,-5.639214038848877,-0.017153000459074974,1
B37,mixamorig_RightLeg,36,0.9726539254188538,-0.028719114139676094,-0.23037093877792358,0,-0.006127584259957075,0.9887756109237671,-0.1491154581308365,0,0.23206527531147003,0.14647141098976135,0.9616032242774963,0,0,25.640430450439453,0,1
B38,mixamorig_RightFoot,37,0.9916768074035645,0.0598360039293766,-0.10763778537511826,0,-0.04752064868807793,0.9903532862663269,0.08839621394872665,0,0.11417881399393082,-0.08176710456609726,0.9853687882423401,0,0,19.428544998168945,0,1
B39,mixamorig_RightToeBase,38,0.9999887943267822,-0.0015096004353836179,0.00448634522035718,0,-0.0034426653292030096,0.4146186411380768,0.9090694785118103,0,-0.0032617556862533092,-0.9090750217437744,0.4146083891391754,0,0,12.713443756103516,0,1
B40,mixamorig_RightToe_End,39,1,0,0,0,0,1,0,0,0,0,1,0,0,5.145572185516357,0,1
@34,0,1,2,3,4,5,7,8,9,10,11,12,13,15,16,17,19,20,21,22,23,24,25,27,28,29,31,32,33,34,36,37,38,39
K0.000,0.9929479956626892,-0.02389400079846382,0.11612000316381454,0,0.008082999847829342,0.9908440113067627,0.134770005941391,0,-0.11827699840068817,-0.13288100063800812,0.9840490221977234,0,0.9853950142860413,56.49393844604492,-5.546597003936768,1,0.9675490260124207,0.027089999988675117,-0.251228004693985,0,0.026071999222040176,0.9782270193099976,0.20589199662208557,0,0.2513349950313568,-0.20576100051403046,0.9457759857177734,0,0,10.15488052368164,-0.29943200945854187,1,0.9992430210113525,0.022564999759197235,-0.031697001308202744,0,-0.02440200001001358,0.9979689717292786,-0.05884300172328949,0,0.03030500002205372,0.0595720000565052,0.997763991355896,0,0,11.852499961853027,0,1,0.9992899894714355,0.020382000133395195,-0.0316849984228611,0,-0.022199999541044235,0.998062014579773,-0.05813800171017647,0,0.030438000336289406,0.058800000697374344,0.9978060126304626,0,0,13.54572582244873,0,1,0.9976379871368408,-0.05762600153684616,0.037376001477241516,0,0.05329800024628639,0.9927250146865845,0.10796099901199341,0,-0.0433260016143322,-0.10571400076150894,0.9934520125389099,0,0,15.238935470581055,0,1,0.993232011795044,0.034669000655412674,0.11084800213575363,0,0.004900000058114529,0.9410520195960999,-0.3382270038127899,0,-0.11603999882936478,0.3364810049533844,0.9345129728317261,0,0,6.069733142852783,0.0718419998884201,1,0.14284799993038177,0.04531300067901611,-0.9887070059776306,0,0.9745069742202759,-0.1810549944639206,0.13249799609184265,0,-0.17300599813461304,-0.982429027557373,-0.07002100348472595,0,12.931761741638184,13.36662483215332,-0.024089999496936798,1,0.459212988615036,-0.1840369999408722,-0.8690530061721802,0,0.8191270232200623,0.46627798676490784,0.3340890109539032,0,0.3437359929084778,-0.8652830123901367,0.36487099528312683,0,0,26.221097946166992,0,1,0.08861999958753586,0.16945399343967438,0.9815459847450256,0,-0.952593982219696,0.30236101150512695,0.033806998282670975,0,-0.29105299711227417,-0.9380099773406982,0.18821600079536438,0,0,16.07257843017578,0,1,0.0077760000713169575,-0.05506499856710434,-0.9984520077705383,0,0.028734000399708748,0.9980829954147339,-0.05482099950313568,0,0.9995570182800293,-0.028263000771403313,0.009343000128865242,0,0,23.019641876220703,0,1,0.8751299977302551,0.48146501183509827,-0.0483740009367466,0,-0.46125298738479614,0.8602309823036194,0.2173669934272766,0,0.14626799523830414,-0.16791200637817383,0.9748899936676025,0,-5.102105140686035,5.694654941558838,0,1,0.9808059930801392,-0.19461899995803833,0.0119420001283288,0,0.19334499537944794,0.9786580204963684,0.06961700320243835,0,-0.02523599937558174,-0.06597200036048889,0.9975020289421082,0,-0.2425439953804016,6.111946105957031,0,1,0.9662240147590637,0.2572160065174103,0.015842000022530556,0,-0.2565400004386902,0.9658780097961426,-0.03560600057244301,0,-0.024460000917315483,0.03033900074660778,0.999239981174469,0,-0.6389309763908386,6.818601131439209,0,1,0.9993259906768799,0.004459000192582607,-0.03643399849534035,0,0.00011000000085914508,0.9922249913215637,0.12445899844169617,0,0.03670499846339226,-0.124379001557827,0.9915559887886047,0,0,12.069541931152344,0.2830030024051666,1,0.9995480179786682,0.029944999143481255,-0.002587999915704131,0,-0.028762999922037125,0.9779729843139648,0.20674100518226624,0,0.008721999824047089,-0.2065729945898056,0.9783920049667358,0,-0.2065349966287613,9.248311042785645,0,1,0.9878159761428833,0.15461400151252747,0.017721999436616898,0,-0.15531200170516968,0.9866420030593872,0.04914899915456772,0,-0.0098860003054142,-0.05130299925804138,0.9986339807510376,0,-0.2367130070924759,5.1582818031311035,0,1,0.07599200308322906,-0.0246799997985363,0.9968029856681824,0,-0.9819560050964355,-0.1754699945449829,0.07051499933004379,0,0.17316800355911255,-0.9841750264167786,-0.03756900131702423,0,-12.931761741638184,13.368457794189453,-0.08627299964427948,1,0.9659680128097534,-0.15741699934005737,-0.20524300634860992,0,0.2568179965019226,0.6782100200653076,0.6885309815406799,0,0.03081200085580349,-0.7178099751472473,0.6955569982528687,0,0,26.221097946166992,0,1,0.027222000062465668,-0.13601599633693695,-0.9903330206871033,0,0.998537003993988,-0.04260500147938728,0.033298999071121216,0,-0.04672300070524216,-0.9897900223731995,0.13465699553489685,0,0,16.070491790771484,0,1,0.03955399990081787,0.02861499972641468,0.9988080263137817,0,0.37539801001548767,0.9259390234947205,-0.04139300063252449,0,-0.926019012928009,0.37658798694610596,0.02588300034403801,0,0,23.006677627563477,0,1,0.9295179843902588,-0.3493410050868988,0.11813899874687195,0,0.3330160081386566,0.9327620267868042,0.13804100453853607,0,-0.15841899812221527,-0.08896999806165695,0.9833549857139587,0,4.856080055236816,5.508211135864258,0.000003000000106112566,1,0.9701210260391235,0.24203099310398102,0.016901999711990356,0,-0.24222999811172485,0.9701579809188843,0.010854000225663185,0,-0.013771000318229198,-0.01462399959564209,0.9997979998588562,0,0.11964300274848938,5.873307228088379,0,1,0.9801300168037415,-0.1978760063648224,0.013806999661028385,0,0.1983499974012375,0.9771199822425842,-0.076774001121521,0,0.0017010000301524997,0.07798700034618378,0.996953010559082,0,0.5851889848709106,6.872167110443115,0,1,0.9997479915618896,-0.015928000211715698,0.015807999297976494,0,0.014808000065386295,0.997534990310669,0.06859300285577774,0,-0.01686199940741062,-0.06834200024604797,0.9975190162658691,0,0,11.272738456726074,0.16046999394893646,1,0.999767005443573,0.021361999213695526,0.0031270000617951155,0,-0.021385999396443367,0.9600639939308167,0.27896198630332947,0,0.002956999931484461,-0.27896401286125183,0.9602969884872437,0,-0.01638299971818924,8.495157241821289,0,1,0.9758039712905884,-0.21808800101280212,-0.01561999972909689,0,0.2184319943189621,0.9755210280418396,0.025431999936699867,0,0.009690999984741211,-0.02822900004684925,0.9995549917221069,0,0.6223239898681641,6.868310928344727,0,1,-0.9887629747390747,-0.0020890000741928816,0.14947399497032166,0,0.0968020036816597,-0.7708889842033386,0.6295710206031799,0,0.11391299962997437,0.6369659900665283,0.7624289989471436,0,15.206181526184082,-5.639214038848877,0.4854309856891632,1,0.9826310276985168,0.13075199723243713,-0.13168500363826752,0,0.04839299991726875,-0.8656129837036133,-0.4983699917793274,0,-0.1791509985923767,0.4833410084247589,-0.8569049835205078,0,0,25.565828323364258,0,1,0.997065007686615,0.00017800000205170363,0.07656099647283554,0,-0.07267399877309799,0.316769003868103,0.945713996887207,0,-0.024083999916911125,-0.9485030174255371,0.31585198640823364,0,0,19.34305763244629,0,1,0.9999420046806335,0,-0.010773999616503716,0,0.008108999580144882,0.6584550142288208,0.752577006816864,0,0.0070940000005066395,-0.7526199817657471,0.6584169864654541,0,0,12.453317642211914,0,1,-0.9939759969711304,-0.07481999695301056,-0.08008699864149094,0,0.06736999750137329,-0.9934769868850708,0.09199900180101395,0,-0.08644799888134003,0.08604899793863297,0.9925330281257629,0,-15.206181526184082,-5.639214038848877,-0.017153000459074974,1,0.9890720248222351,0.03468700125813484,0.14329800009727478,0,0.07771500200033188,0.7032870054244995,-0.7066450119018555,0,-0.12529100477695465,0.7100589871406555,0.6929060220718384,0,0,25.640430450439453,0,1,0.9753440022468567,-0.20762300491333008,0.07480599731206894,0,0.030107999220490456,0.460983008146286,0.8868979811668396,0,-0.2186249941587448,-0.8627790212631226,0.4558680057525635,0,0,19.428544998168945,0,1,0.9999989867210388,-0.0015180000336840749,0.0002880000101868063,0,0.000014000000192027073,0.19518299400806427,0.980767011642456,0,-0.0015450000064447522,-0.9807659983634949,0.19518299400806427,0,0,12.713443756103516,0,1
K0.033,0.9960650205612183,-0.019911950454115868,0.08635886013507843,0,0.0072789499536156654,0.9895219206809998,0.14420126378536224,0,-0.0883258581161499,-0.14300528168678284,0.985772967338562,0,1.129982352256775,55.26186752319336,-3.685939073562622,1,0.961764931678772,0.0074558439664542675,-0.273773193359375,0,0.02756393887102604,0.9919180870056152,0.12384618073701859,0,0.2724842131137848,-0.12665718793869019,0.9537870287895203,0,0,10.15488052368164,-0.29943200945854187,1,0.9991750121116638,0.020740898326039314,-0.03492802381515503,0,-0.021954890340566635,0.9991549849510193,-0.03473774343729019,0,0.034178029745817184,0.03547573834657669,0.9987859725952148,0,0,11.852499961853027,0,1,0.9992210268974304,0.018490908667445183,-0.034853026270866394,0,-0.019721899181604385,0.9991819858551025,-0.0353117510676384,0,0.03417202830314636,0.0359717458486557,0.9987679719924927,0,0,13.54572582244873,0,1,0.997310996055603,-0.055807966738939285,0.04750708118081093,0,0.049107957631349564,0.9900190234184265,0.13209891319274902,0,-0.05440507084131241,-0.12941089272499084,0.9900969862937927,0,0,15.238935470581055,0,1,0.9848289489746094,0.047660037875175476,0.16685737669467926,0,0.0058540236204862595,0.9518730640411377,-0.3064357340335846,0,-0.1734313666820526,0.3027627170085907,0.9371529817581177,0,0,6.069733142852783,0.0718419998884201,1,0.1388629823923111,0.04381999373435974,-0.9893419742584229,0,0.9778630137443542,-0.16397090256214142,0.12998898327350616,0,-0.15652789175510406,-0.9854909777641296,-0.06561897695064545,0,12.931761741638184,13.36662483215332,-0.024089999496936798,1,0.34670403599739075,-0.26362842321395874,-0.9001649022102356,0,0.8676751255989075,0.4546707272529602,0.20103298127651215,0,0.3562806248664856,-0.8507500290870667,0.38637933135032654,0,0,26.221097946166992,0,1,0.06108897551894188,0.17583300173282623,0.9825230240821838,0,-0.9884549975395203,0.14739884436130524,0.035078998655080795,0,-0.13865384459495544,-0.9733219742774963,0.18280699849128723,0,0,16.07257843017578,0,1,0.07737057656049728,-0.12078913301229477,-0.9896579384803772,0,0.08890074491500854,0.989516019821167,-0.11382212489843369,0,0.9930309653282166,-0.07917466759681702,0.08729754388332367,0,0,23.019641876220703,0,1,0.8710108995437622,0.4888051450252533,-0.04909901320934296,0,-0.46860215067863464,0.856675922870636,0.2156829535961151,0,0.1474890261888504,-0.16485393047332764,0.9752280116081238,0,-5.102105140686035,5.694654941558838,0,1,0.9830240607261658,-0.18325574696063995,0.008956932462751865,0,0.18228374421596527,0.9810320734977722,0.06594792008399963,0,-0.020871903747320175,-0.06319593638181686,0.9977830052375793,0,-0.2425439953804016,6.111946105957031,0,1,0.9647769331932068,0.26272010803222656,0.013561949133872986,0,-0.26208412647247314,0.964341938495636,-0.03683502599596977,0,-0.02275596186518669,0.031983036547899246,0.9992290139198303,0,-0.6389309763908386,6.818601131439209,0,1,0.9993109703063965,0.007862986996769905,-0.03628300130367279,0,-0.0027919886633753777,0.9904630184173584,0.13775093853473663,0,0.0370200015604496,-0.13755396008491516,0.9898020029067993,0,0,12.069541931152344,0.2830030024051666,1,0.9994400143623352,0.033370986580848694,-0.002464000368490815,0,-0.032014988362789154,0.9750350117683411,0.21973095834255219,0,0.00973499659448862,-0.21952995657920837,0.9755570292472839,0,-0.2065349966287613,9.248311042785645,0,1,0.9875590205192566,0.15616099536418915,0.018452996388077736,0,-0.15696099400520325,0.9860299825668335,0.05574997514486313,0,-0.009490001946687698,-0.057951975613832474,0.998274028301239,0,-0.2367130070924759,5.1582818031311035,0,1,0.06618595868349075,-0.02261698991060257,0.9975510239601135,0,-0.9853760004043579,-0.15880097448825836,0.06177796050906181,0,0.15701496601104736,-0.9870520234107971,-0.0327959805727005,0,-12.931761741638184,13.368457794189453,-0.08627299964427948,1,0.9737651348114014,-0.153641939163208,-0.16785524785518646,0,0.22676044702529907,0.7167648673057556,0.6594142913818359,0,0.018998460844159126,-0.6801770925521851,0.7328009009361267,0,0,26.221097946166992,0,1,-0.018143203109502792,-0.12614889442920685,-0.9918450117111206,0,0.9260982275009155,-0.3760164976119995,0.030883973464369774,0,-0.37684547901153564,-0.9179862141609192,0.12364795058965683,0,0,16.070491790771484,0,1,-0.15071161091327667,0.37356996536254883,0.9152761101722717,0,0.29331865906715393,0.901057779788971,-0.31946784257888794,0,-0.9440606832504272,0.2203196883201599,-0.24537448585033417,0,0,23.006677627563477,0,1,0.9409410357475281,-0.31364181637763977,0.12751004099845886,0,0.29433777928352356,0.9439000487327576,0.14972908794879913,0,-0.16731804609298706,-0.10335510224103928,0.9804710149765015,0,4.856080055236816,5.508211135864258,0.000003000000106112566,1,0.9708740711212158,0.23892086744308472,0.017882049083709717,0,-0.23911885917186737,0.9709400534629822,0.009856957010924816,0,-0.015008058398962021,-0.013845967128872871,0.9997919797897339,0,0.11964300274848938,5.873307228088379,0,1,0.97980797290802,-0.19941705465316772,0.01447003148496151,0,0.19993707537651062,0.9767659902572632,-0.07715201377868652,0,0.0012519779847934842,0.07848702371120453,0.9969140291213989,0,0.5851889848709106,6.872167110443115,0,1,0.9997479915618896,-0.015928000211715698,0.015807999297976494,0,0.014808000065386295,0.997534990310669,0.06859300285577774,0,-0.01686199940741062,-0.06834200024604797,0.9975190162658691,0,0,11.272738456726074,0.16046999394893646,1,0.999767005443573,0.021361999213695526,0.003128000069409609,0,-0.021385999396443367,0.9600639939308167,0.27896198630332947,0,0.0029559999238699675,-0.27896401286125183,0.9602969884872437,0,-0.01638299971818924,8.495157241821289,0,1,0.9758039712905884,-0.21808700263500214,-0.01561999972909689,0,0.2184309959411621,0.9755210280418396,0.025431999936699867,0,0.009690999984741211,-0.02822900004684925,0.9995549917221069,0,0.6223239898681641,6.868310928344727,0,1,-0.9960729479789734,-0.06952379643917084,0.05482564866542816,0,0.07472080737352371,-0.3278491199016571,0.9417703151702881,0,-0.04750092700123787,0.9421681761741638,0.3317561149597168,0,15.206181526184082,-5.639214038848877,0.4854309856891632,1,0.9840378761291504,0.17549274861812592,0.02952650748193264,0,0.11643372476100922,-0.5094253420829773,-0.8526003360748291,0,-0.13458503782749176,0.84242844581604,-0.5217264890670776,0,0,25.565828323364258,0,1,0.9717300534248352,0.23549562692642212,0.016796037554740906,0,-0.18956974148750305,0.7358600497245789,0.6500570178031921,0,0.1407257318496704,-0.6348640322685242,0.7597000002861023,0,0,19.34305763244629,0,1,0.9999420046806335,-0.000001999789901674376,-0.010778998956084251,0,0.008112000301480293,0.6586490273475647,0.7524060010910034,0,0.007097999565303326,-0.7524499893188477,0.658610999584198,0,0,12.453317642211914,0,1,-0.9965280294418335,-0.03156660869717598,-0.07704310119152069,0,0.04831578955054283,-0.9728474617004395,-0.22634564340114594,0,-0.0678071528673172,-0.22928161919116974,0.9709954857826233,0,-15.206181526184082,-5.639214038848877,-0.017153000459074974,1,0.9822430610656738,-0.024232210591435432,0.1860416680574417,0,0.12306807935237885,0.831688404083252,-0.5414317846298218,0,-0.14160847663879395,0.554713785648346,0.8199025392532349,0,0,25.640430450439453,0,1,0.9974688291549683,0.053996533155441284,0.04626629501581192,0,-0.07104195654392242,0.7845315933227539,0.6160058975219727,0,-0.003034707624465227,-0.6177337765693665,0.786381721496582,0,0,19.428544998168945,0,1,0.9999150037765503,-0.013021866790950298,0.0004201018309686333,0,0.0011359112104400992,0.11926285177469254,0.9928601980209351,0,-0.012978942133486271,-0.9927752017974854,0.11926785111427307,0,0,12.713443756103516,0,1
K0.067,0.99726402759552,-0.014926048927009106,0.07239814102649689,0,0.002296049613505602,0.98518306016922,0.17148973047733307,0,-0.07388514280319214,-0.17085471749305725,0.9825220704078674,0,0.5672615766525269,54.07968521118164,-4.504758834838867,1,0.956087052822113,-0.008135844953358173,-0.2929688096046448,0,0.021403061226010323,0.9988839626312256,0.042109813541173935,0,0.2922987937927246,-0.0465317964553833,0.9551939964294434,0,0,10.15488052368164,-0.29943200945854187,1,0.9992489814758301,0.010536101646721363,-0.03729497641324997,0,-0.010884109884500504,0.9998990297317505,-0.009139254689216614,0,0.03719497099518776,0.0095382584258914,0.9992619752883911,0,0,11.852499961853027,0,1,0.9992579817771912,0.009319091215729713,-0.03736797347664833,0,-0.009717099368572235,0.9998980164527893,-0.010479247197508812,0,0.03726696968078613,0.010835249908268452,0.9992470145225525,0,0,13.54572582244873,0,1,0.9970830082893372,-0.05228503420948982,0.05560091882944107,0,0.04515404254198074,0.9914339780807495,0.12255609780550003,0,-0.06153292953968048,-0.11968709528446198,0.9909030199050903,0,0,15.238935470581055,0,1,0.9775170683860779,0.05125696212053299,0.20453062653541565,0,0.008229976519942284,0.9599899649620056,-0.2799122631549835,0,-0.21069562435150146,0.2753022611141205,0.9379850029945374,0,0,6.069733142852783,0.0718419998884201,1,0.13733401894569397,0.04313100874423981,-0.9895849823951721,0,0.9795799851417542,-0.15402209758758545,0.1292320191860199,0,-0.14684408903121948,-0.9871259927749634,-0.06340302526950836,0,12.931761741638184,13.36662483215332,-0.024089999496936798,1,0.3492119610309601,-0.3064925968647003,-0.8855020999908447,0,0.8818548917770386,0.4270152747631073,0.19997501373291016,0,0.31683239340782166,-0.8507180213928223,0.4194006621837616,0,0,26.221097946166992,0,1,0.058347027748823166,0.17621999979019165,0.9826200008392334,0,-0.9906309843063354,0.13196314871311188,0.03515699878334999,0,-0.12347415089607239,-0.9754649996757507,0.18226900696754456,0,0,16.07257843017578,0,1,0.13456542789936066,-0.13388386368751526,-0.9818180799484253,0,0.06389324367046356,0.9899410009384155,-0.12623487412929535,0,0.9888430833816528,-0.045745331794023514,0.14176645874977112,0,0,23.019641876220703,0,1,0.8616201281547546,0.505007803440094,-0.05076398327946663,0,-0.4848468601703644,0.8485270738601685,0.2119540274143219,0,0.15011297166347504,-0.15801207721233368,0.9759600162506104,0,-5.102105140686035,5.694654941558838,0,1,0.9874509572982788,-0.15791425108909607,0.002161067444831133,0,0.15752625465393066,0.9858159422874451,0.057902079075574875,0,-0.011274094693362713,-0.05683506280183792,0.9983199834823608,0,-0.2425439953804016,6.111946105957031,0,1,0.9614280462265015,0.2749268710613251,0.008464050479233265,0,-0.27439987659454346,0.9608030319213867,-0.03952397406101227,0,-0.01899903640151024,0.03567696362733841,0.9991829991340637,0,-0.6389309763908386,6.818601131439209,0,1,0.99931800365448,0.006524013355374336,-0.036347001791000366,0,-0.0016510112909600139,0.9911779761314392,0.13252604007720947,0,0.03689099848270416,-0.1323760449886322,0.990513026714325,0,0,12.069541931152344,0.2830030024051666,1,0.9994840025901794,0.03202301636338234,-0.0025189996231347322,0,-0.030736012384295464,0.9762129783630371,0.21462205052375793,0,0.009332004003226757,-0.21443404257297516,0.9766939878463745,0,-0.2065349966287613,9.248311042785645,0,1,0.9876610040664673,0.15555299818515778,0.01816500350832939,0,-0.1563120037317276,0.9862769842147827,0.053151026368141174,0,-0.00964799802750349,-0.05533502623438835,0.9984210133552551,0,-0.2367130070924759,5.1582818031311035,0,1,0.061692044138908386,-0.021720008924603462,0.997859001159668,0,-0.9861209988594055,-0.15572702884674072,0.05757604166865349,0,0.15414303541183472,-0.9875609874725342,-0.031026016920804977,0,-12.931761741638184,13.368457794189453,-0.08627299964427948,1,0.9845638871192932,-0.147629052400589,-0.09401373565196991,0,0.171515554189682,0.7068301439285278,0.6862747669219971,0,-0.0348624624311924,-0.6918068528175354,0.7212401032447815,0,0,26.221097946166992,0,1,-0.03850780054926872,-0.11581110209226608,-0.9925249814987183,0,0.8502017855644226,-0.5256935358047485,0.028353026136755943,0,-0.5250465273857117,-0.8427537679672241,0.11870605498552322,0,0,16.070491790771484,0,1,-0.3108254075050354,0.46970903873443604,0.826292872428894,0,0.25974833965301514,0.8782392144203186,-0.4015291929244995,0,-0.9142853021621704,0.08982329815626144,-0.39498549699783325,0,0,23.006677627563477,0,1,0.9466049671173096,-0.2943221926689148,0.13157795369625092,0,0.27308520674705505,0.948928952217102,0.1579839140176773,0,-0.1713559478521347,-0.11361589282751083,0.9786360263824463,0,4.856080055236816,5.508211135864258,0.000003000000106112566,1,0.9739599227905273,0.2255801409482956,0.022692952305078506,0,-0.2257591336965561,0.9741669297218323,0.005621042102575302,0,-0.020838942378759384,-0.010598032735288143,0.9997270107269287,0,0.11964300274848938,5.873307228088379,0,1,0.9783959984779358,-0.20598994195461273,0.017597967758774757,0,0.2067379206418991,0.9752259850502014,-0.07870198786258698,0,-0.0009499781299382448,0.08063998073339462,0.9967430233955383,0,0.5851889848709106,6.872167110443115,0,1,0.9997479915618896,-0.015928000211715698,0.015807999297976494,0,0.014809000305831432,0.997534990310669,0.06859300285577774,0,-0.01686199940741062,-0.06834200024604797,0.9975190162658691,0,0,11.272738456726074,0.16046999394893646,1,0.999767005443573,0.021361999213695526,0.003128000069409609,0,-0.021385999396443367,0.9600639939308167,0.27896198630332947,0,0.0029559999238699675,-0.27896401286125183,0.9602969884872437,0,-0.01638299971818924,8.495157241821289,0,1,0.9758039712905884,-0.21808800101280212,-0.01561999972909689,0,0.2184319943189621,0.9755210280418396,0.025431999936699867,0,0.009690999984741211,-0.02822900004684925,0.9995549917221069,0,0.6223239898681641,6.868310928344727,0,1,-0.9885880351066589,-0.14935320615768433,0.019685350358486176,0,0.055306192487478256,-0.2382838875055313,0.9696196913719177,0,-0.1401250809431076,0.9596428275108337,0.24382488429546356,0,15.206181526184082,-5.639214038848877,0.4854309856891632,1,0.9721571207046509,0.14986425638198853,0.18014150857925415,0,0.18854428827762604,-0.043769627809524536,-0.9810877442359924,0,-0.13914595544338226,0.9877355694770813,-0.07080748677253723,0,0,25.565828323364258,0,1,0.9798109531402588,0.19886836409568787,0.020542962476611137,0,-0.1637982577085495,0.7395889163017273,0.6528239846229553,0,0.11463326215744019,-0.6430089473724365,0.7572309970855713,0,0,19.34305763244629,0,1,0.9999420046806335,0.00001899978997244034,-0.010730001144111156,0,0.008081000298261642,0.656466007232666,0.7543119788169861,0,0.007058000657707453,-0.7543560266494751,0.6564279794692993,0,0,12.453317642211914,0,1,-0.9961349964141846,0.007433612365275621,-0.08752289414405823,0,0.027420205995440483,-0.920304536819458,-0.3902413547039032,0,-0.08344884216785431,-0.3911323845386505,0.9165435433387756,0,-15.206181526184082,-5.639214038848877,-0.017153000459074974,1,0.9872469305992126,-0.04535079002380371,0.15260232985019684,0,0.13124892115592957,0.7743656039237976,-0.6189762353897095,0,-0.09009851515293121,0.631111204624176,0.7704424858093262,0,0,25.640430450439453,0,1,0.9779841899871826,0.2072654813528061,-0.024261299520730972,0,-0.1662500500679016,0.8441184163093567,0.5097310543060303,0,0.12612871825695038,-0.49447521567344666,0.8599913120269775,0,0,19.428544998168945,0,1,0.9999439716339111,0.0002998676209244877,0.010595898143947124,0,-0.007741911802440882,0.703474223613739,0.7106757760047913,0,-0.007241056766360998,-0.7107177972793579,0.7034372091293335,0,0,12.713443756103516,0,1
K0.100,0.9968339800834656,-0.03443299978971481,0.07167000323534012,0,0.02107599936425686,0.983551025390625,0.17939600348472595,0,-0.07666800171136856,-0.1773180067539215,0.9811630249023438,0,0.0341460220515728,53.60050964355469,-5.299239158630371,1,0.9510329961776733,0.016596999019384384,-0.30864399671554565,0,-0.010314998216927052,0.9997050166130066,0.021974999457597733,0,0.30891698598861694,-0.017716001719236374,0.9509239792823792,0,0,10.15488052368164,-0.29943200945854187,1,0.9992550015449524,-0.0019389993976801634,-0.03854899853467941,0,0.0019809994846582413,0.9999970197677612,0.0010539995273575187,0,0.03854700177907944,-0.0011299995239824057,0.9992560148239136,0,0,11.852499961853027,0,1,0.9992600083351135,-0.0018299994990229607,-0.03841099888086319,0,0.001877999515272677,0.9999979734420776,0.0012049995129927993,0,0.03840800002217293,-0.001276999362744391,0.9992610216140747,0,0,13.54572582244873,0,1,0.9967569708824158,-0.054634999483823776,0.0590829998254776,0,0.04889899864792824,0.9943209886550903,0.09452500194311142,0,-0.06391199678182602,-0.09132900089025497,0.9937679767608643,0,0,15.238935470581055,0,1,0.9746990203857422,0.057342998683452606,0.21604299545288086,0,0.00484299985691905,0.9608889818191528,-0.2768920063972473,0,-0.223471000790596,0.27093198895454407,0.9362990260124207,0,0,6.069733142852783,0.0718419998884201,1,0.14764900505542755,0.04622400179505348,-0.9879590272903442,0,0.9745929837226868,-0.17690999805927277,0.13737399876117706,0,-0.16842900216579437,-0.9831410050392151,-0.07117000222206116,0,12.931761741638184,13.36662483215332,-0.024089999496936798,1,0.46230098605155945,-0.32078298926353455,-0.826665997505188,0,0.8550040125846863,0.408378005027771,0.31968000531196594,0,0.23504500091075897,-0.8545910120010376,0.4630639851093292,0,0,26.221097946166992,0,1,0.07283700257539749,0.17367400228977203,0.9821059703826904,0,-0.9763219952583313,0.21352699398994446,0.034648001194000244,0,-0.20368899405002594,-0.9613760113716125,0.1851149946451187,0,0,16.07257843017578,0,1,0.1613759994506836,-0.06599000096321106,-0.9846839904785156,0,-0.07200898975133896,0.9943150281906128,-0.07843700051307678,0,0.9842619895935059,0.08356399089097977,0.1557070016860962,0,0,23.019641876220703,0,1,0.8547059893608093,0.5165020227432251,-0.052000001072883606,0,-0.4963870048522949,0.8424919843673706,0.2092999964952469,0,0.15191300213336945,-0.15307800471782684,0.976468026638031,0,-5.102105140686035,5.694654941558838,0,1,0.9901869893074036,-0.13972100615501404,-0.0028339996933937073,0,0.1396780014038086,0.9888179898262024,0.052241001278162,0,-0.004497000481933355,-0.05212400108575821,0.9986299872398376,0,-0.2425439953804016,6.111946105957031,0,1,0.9589210152626038,0.2836329936981201,0.004790999926626682,0,-0.28320199251174927,0.9581660032272339,-0.04140999913215637,0,-0.016335999593138695,0.03835200145840645,0.9991310238838196,0,-0.6389309763908386,6.818601131439209,0,1,0.999330997467041,0.0016250002663582563,-0.036524999886751175,0,0.0025279996916651726,0.9935489892959595,0.11337900161743164,0,0.036472998559474945,-0.11339499801397324,0.9928799867630005,0,0,12.069541931152344,0.2830030024051666,1,0.9996280074119568,0.02712699957191944,-0.002655999967828393,0,-0.02608099952340126,0.9802500009536743,0.19603699445724487,0,0.007921000011265278,-0.1958940029144287,0.9805930256843567,0,-0.2065349966287613,9.248311042785645,0,1,0.9880250096321106,0.15333899855613708,0.017129000276327133,0,-0.15395499765872955,0.9871100187301636,0.04372100159525871,0,-0.010204000398516655,-0.045834001153707504,0.9988970160484314,0,-0.2367130070924759,5.1582818031311035,0,1,0.06782100349664688,-0.022702999413013458,0.9974390268325806,0,-0.9854689836502075,-0.1575690060853958,0.06342100352048874,0,0.15572500228881836,-0.9872469902038574,-0.03305999934673309,0,-12.931761741638184,13.368457794189453,-0.08627299964427948,1,0.987716019153595,-0.15613600611686707,0.00619599549099803,0,0.09700199961662292,0.6437619924545288,0.7590529918670654,0,-0.12250399589538574,-0.749127984046936,0.6510000228881836,0,0,26.221097946166992,0,1,-0.034359000623226166,-0.11827600002288818,-0.992385983467102,0,0.8682990074157715,-0.4951950013637543,0.028957000002264977,0,-0.4948500096797943,-0.8606929779052734,0.11971300095319748,0,0,16.070491790771484,0,1,-0.3245689868927002,0.43156999349594116,0.8416659832000732,0,0.28396400809288025,0.8932520151138306,-0.3485170006752014,0,-0.9022300243377686,0.1258849948644638,-0.41247299313545227,0,0,23.006677627563477,0,1,0.9417030215263367,-0.31235501170158386,0.12502199411392212,0,0.2917250096797943,0.9431800246238708,0.15908600389957428,0,-0.16761000454425812,-0.11333899945020676,0.9793170094490051,0,4.856080055236816,5.508211135864258,0.000003000000106112566,1,0.9772760272026062,0.2109770029783249,0.02051899954676628,0,-0.21104100346565247,0.9774770140647888,0.0009330002358183265,0,-0.019859999418258667,-0.005243000574409962,0.9997889995574951,0,0.11964300274848938,5.873307228088379,0,1,0.9768180251121521,-0.2133679986000061,0.017351999878883362,0,0.21407200396060944,0.973442018032074,-0.08113700151443481,0,0.00042099994607269764,0.0829709991812706,0.9965519905090332,0,0.5851889848709106,6.872167110443115,0,1,0.9997479915618896,-0.015928000211715698,0.015807999297976494,0,0.014808000065386295,0.997534990310669,0.06859300285577774,0,-0.01686199940741062,-0.06834200024604797,0.9975190162658691,0,0,11.272738456726074,0.16046999394893646,1,0.999767005443573,0.021361999213695526,0.003128000069409609,0,-0.021385999396443367,0.9600639939308167,0.27896198630332947,0,0.0029559999238699675,-0.27896401286125183,0.9602969884872437,0,-0.01638299971818924,8.495157241821289,0,1,0.9758039712905884,-0.21808800101280212,-0.01561999972909689,0,0.2184309959411621,0.9755210280418396,0.025431999936699867,0,0.009690999984741211,-0.02822900004684925,0.9995549917221069,0,0.6223239898681641,6.868310928344727,0,1,-0.9825149774551392,-0.186039000749588,0.007305000443011522,0,0.06737399846315384,-0.31869199872016907,0.9454609751701355,0,-0.17356500029563904,0.9294220209121704,0.325654000043869,0,15.206181526184082,-5.639214038848877,0.4854309856891632,1,0.9760860204696655,0.0410350039601326,0.2134760022163391,0,0.16513100266456604,0.498697966337204,-0.8509010076522827,0,-0.14137700200080872,0.8658040165901184,0.4799959659576416,0,0,25.565828323364258,0,1,0.9985399842262268,0.05178600922226906,0.015355000272393227,0,-0.04892200231552124,0.7465729713439941,0.6635019779205322,0,0.02289700321853161,-0.6632850170135498,0.7480170130729675,0,0,19.34305763244629,0,1,0.9999430179595947,0.00003899999865097925,-0.010684000328183174,0,0.008053000085055828,0.6544070243835449,0.7560999989509583,0,0.007021000143140554,-0.7561429738998413,0.6543689966201782,0,0,12.453317642211914,0,1,-0.9935680031776428,0.03051699884235859,-0.1090489998459816,0,0.025054000318050385,-0.8798919916152954,-0.4745129942893982,0,-0.11043199896812439,-0.4741930067539215,0.8734679818153381,0,-15.206181526184082,-5.639214038848877,-0.017153000459074974,1,0.9727470278739929,0.05204499512910843,0.22595299780368805,0,0.15844599902629852,0.5622720122337341,-0.8116310238838196,0,-0.16928799450397491,0.8253129720687866,0.5387020111083984,0,0,25.640430450439453,0,1,0.9854940176010132,0.16839200258255005,0.02111799828708172,0,-0.14573100209236145,0.7759010195732117,0.6137909889221191,0,0.08697199821472168,-0.6079649925231934,0.7891860008239746,0,0,19.428544998168945,0,1,0.9999520182609558,-0.00006199998460942879,0.009832999669015408,0,-0.007261000107973814,0.6697250008583069,0.7425739765167236,0,-0.006632000207901001,-0.7426090240478516,0.6696919798851013,0,0,12.713443756103516,0,1
