0.633,30,18,41
B0,mixamorig_Hips,-1,0.9920355081558228,0.033276062458753586,-0.12144768238067627,0,0.05610506609082222,0.7466214299201965,0.6628566980361938,0,0.11271952837705612,-0.6643979549407959,0.7388157844543457,0,0.7638788819313049,45.55464172363281,-5.064882278442383,1
B1,mixamorig_Spine,0,0.9987139701843262,-0.022617647424340248,0.044793594628572464,0,0.0066735828295350075,0.9445201754570007,0.32830819487571716,0,-0.04975346103310585,-0.3276199400424957,0.9434897899627686,0,0,10.15488052368164,-0.29943200945854187,1
B2,mixamorig_Spine1,1,0.9996394515037537,-0.011748353950679302,0.023845741525292397,0,0.008534069173038006,0.9913524389266968,0.13086973130702972,0,-0.025187883526086807,-0.13062623143196106,0.991105854511261,0,0,11.852499961853027,0,1
B3,mixamorig_Spine2,2,0.9994444251060486,-0.009984520263969898,0.03155243396759033,0,0.001238222816027701,0.9639812111854553,0.26592496037483215,0,-0.033082928508520126,-0.2657466530799866,0.963469922542572,0,0,13.54572582244873,0,1
B4,mixamorig_Neck,3,0.9884241819381714,0.15095685422420502,-0.013441761024296284,0,-0.14318737387657166,0.9012333750724792,-0.4089592695236206,0,-0.04963032528758049,0.40613463521003723,0.9124435782432556,0,0,15.238935470581055,0,1
B5,mixamorig_Head,4,0.9998871088027954,-0.010800841264426708,-0.008299024775624275,0,0.001423845300450921,0.6890256404876709,-0.724731981754303,0,0.013547699898481369,0.724632740020752,0.6889748573303223,0,0,6.069733142852783,0.0718419998884201,1
B6,mixamorig_HeadTop_End,5,1,0,0,0,0,1,0,0,0,0,1,0,0,77.56666564941406,0.9180859923362732,1
B7,mixamorig_LeftShoulder,3,-0.182451993227005,0.03772220388054848,-0.9824907779693604,0,0.9809017777442932,0.07547806203365326,-0.1792585253715515,0,0.06739439815282822,-0.9964326620101929,-0.05077322944998741,0,12.931761741638184,13.36662483215332,-0.024089999496936798,1
B8,mixamorig_LeftArm,7,0.746560275554657,0.5937264561653137,-0.3002088665962219,0,-0.10929420590400696,0.554535448551178,0.8249411582946777,0,0.6562777161598206,-0.5830594301223755,0.4788816273212433,0,0,26.221097946166992,0,1
B9,mixamorig_LeftForeArm,8,-0.05193231999874115,-0.18926569819450378,0.9805485606193542,0,-0.5274084210395813,0.8389611840248108,0.13401374220848083,0,-0.8480100035667419,-0.5101898312568665,-0.14338339865207672,0,0,16.07257843017578,0,1
B10,mixamorig_LeftHand,9,-0.133489727973938,0.06676542013883591,-0.98878413438797,0,0.32505056262016296,0.9454731345176697,0.019954653456807137,0,0.936225950717926,-0.31873661279678345,-0.14792117476463318,0,0,23.019641876220703,0,1
B11,mixamorig_LeftHandThumb1,10,0.2653050124645233,0.30847305059432983,-0.9134869575500488,0,-0.30023500323295593,0.9267640113830566,0.22575999796390533,0,0.9162269830703735,0.21436595916748047,0.33848899602890015,0,-5.102105140686035,5.694654941558838,9.999999974752427e-7,1
B12,mixamorig_LeftHandThumb2,11,0.9049149751663208,-0.4253610074520111,-0.014047999866306782,0,0.42357200384140015,0.896914005279541,0.1270119994878769,0,-0.041425999253988266,-0.12088499963283539,0.9918019771575928,0,-0.2425439953804016,6.111946105957031,0,1
B13,mixamorig_LeftHandThumb3,12,0.9512389898300171,0.30774301290512085,0.020927999168634415,0,-0.3076480031013489,0.9514690041542053,-0.007662000134587288,0,-0.022269999608397484,0.0008500000112690032,0.9997519850730896,0,-0.6389309763908386,6.818601131439209,0,1
B14,mixamorig_LeftHandThumb4,13,1,0,0,0,0,1,0,0,0,0,1,0,0.8814749717712402,4.155628204345703,0,1
B15,mixamorig_LeftHandIndex1,10,0.9972760081291199,0.06575500220060349,-0.03341599926352501,0,-0.07050199806690216,0.9829379916191101,-0.16989095509052277,0,0.021674999967217445,0.17178399860858917,0.9848960041999817,0,0,12.069541931152344,0.2830030024051666,1
B16,mixamorig_LeftHandIndex2,15,0.9997230172157288,-0.023482000455260277,0.0014070000033825636,0,0.023482000455260277,0.9997239708900452,0.00006500000017695129,0,-0.001408000010997057,-0.00003199999991920777,0.9999989867210388,0,-0.2065349966287613,9.248311042785645,0,1
B17,mixamorig_LeftHandIndex3,16,0.9997580051422119,0.02197995036840439,0.0009459999855607748,0,-0.021198999136686325,0.9739620089530945,-0.22571800649166107,0,-0.005882999859750271,0.22564396262168884,0.9741920232772827,0,-0.2367130070924759,5.1582818031311035,0,1
B18,mixamorig_LeftHandIndex4,17,1,0,0,0,0,1,0,0,0,0,1,0,0.4432480037212372,4.540596961975098,0,1
B19,mixamorig_RightShoulder,3,-0.1386350393295288,-0.0505155548453331,0.9890530705451965,0,-0.9882752299308777,-0.05741628259420395,-0.14145956933498383,0,0.06393373012542725,-0.9970707893371582,-0.04196518287062645,0,-12.931761741638184,13.368457794189453,-0.08627299964427948,1
B20,mixamorig_RightArm,19,0.9275221824645996,-0.3705175518989563,0.04869966581463814,0,0.14546659588813782,0.47796428203582764,0.8662295937538147,0,-0.344221293926239,-0.7963782548904419,0.49725469946861267,0,0,26.221097946166992,0,1
B21,mixamorig_RightForeArm,20,0.2845073342323303,0.19719579815864563,-0.93815016746521,0,0.3847872018814087,0.8728281259536743,0.3001394271850586,0,0.878032922744751,-0.44640791416168213,0.17245563864707947,0,0,16.070491790771484,0,1
B22,mixamorig_RightHand,21,-0.23474474251270294,0.10959745943546295,0.9658495783805847,0,-0.4162742495536804,0.8865543007850647,-0.2017667591571808,0,-0.8784104585647583,-0.4494212567806244,-0.16248111426830292,0,0,23.006677627563477,0,1
B23,mixamorig_RightHandThumb1,22,0.2698040008544922,-0.316074013710022,0.9095619916915894,0,0.3096739947795868,0.9228920340538025,0.2288479506969452,0,-0.9117609858512878,0.21992400288581848,0.3468800485134125,0,4.856080055236816,5.508211135864258,0.000003000000106112566,1
B24,mixamorig_RightHandThumb2,23,0.9010199904441833,0.43325504660606384,0.0212629996240139,0,-0.4321869909763336,0.8924450278282166,0.12944699823856354,0,0.03710699826478958,-0.1258240044116974,0.9913579821586609,0,0.11964300274848938,5.873307228088379,0,1
B25,mixamorig_RightHandThumb3,24,0.9720770120620728,-0.2345460057258606,-0.00735899992287159,0,0.23451800644397736,0.9721019268035889,-0.004453999921679497,0,0.008198999799787998,0.002604000037536025,0.9999629855155945,0,0.5851889848709106,6.872167110443115,0,1
B26,mixamorig_RightHandThumb4,25,1,0,0,0,0,1,0,0,0,0,1,0,-0.7048320174217224,4.946209907531738,0,1
B27,mixamorig_RightHandIndex1,22,0.9958490133285522,-0.08893299847841263,0.01936499960720539,0,0.09096799790859222,0.9794960021972656,-0.17975600063800812,0,-0.0029819998890161514,0.18077099323272705,0.9835209846496582,0,0,11.272738456726074,0.16046999394893646,1
B28,mixamorig_RightHandIndex2,27,0.9956709742546082,0.09211300313472748,-0.012450949288904667,0,-0.09210694581270218,0.9957489967346191,0.0011109999613836408,0,0.012500000186264515,0.00004094935502507724,0.999921977519989,0,-0.01638299971818924,8.495157241821289,0,1
B29,mixamorig_RightHandIndex3,28,0.9955549836158752,-0.0940139964222908,0.005537000019103289,0,0.09281499683856964,0.9694939851760864,-0.22686100006103516,0,0.015960000455379486,0.22636699676513672,0.9739109873771667,0,0.6223239898681641,6.868310928344727,0,1
B30,mixamorig_RightHandIndex4,29,1,0,0,0,0,1,0,0,0,0,1,0,-0.6059409976005554,4.887612819671631,0,1
B31,mixamorig_LeftUpLeg,0,-0.9881429076194763,0.12924663722515106,-0.07996922731399536,0,-0.13010640442371368,-0.44430333375930786,0.883317232131958,0,0.0801260843873024,0.8834993243217468,0.4560312330722809,0,15.206181526184082,-5.639214038848877,0.4854309856891632,1
B32,mixamorig_LeftLeg,31,0.9951037764549255,0.09830429404973984,-0.005812631454318762,0,-0.004142080899327993,-0.014727973379194736,-0.9994524121284485,0,-0.09839434921741486,0.9945811033248901,-0.01423155888915062,0,0,25.565828323364258,0,1
B33,mixamorig_LeftFoot,32,0.9954818487167358,0.06623045355081558,0.06721755862236023,0,-0.05206132307648659,-0.21058623492717743,0.9760483503341675,0,0.07875228673219681,-0.9751548767089844,-0.20616284012794495,0,0,19.34305763244629,0,1
B34,mixamorig_LeftToeBase,33,0.9980306625366211,-0.0601857453584671,-0.011148631572723389,0,0.04039306193590164,0.5103110671043396,0.8584583401679993,0,-0.046375613659620285,-0.8573617339134216,0.5118250250816345,0,0,12.453317642211914,9.999999974752427e-7,1
B35,mixamorig_LeftToe_End,34,1,0,0,0,0,1,0,0,0,0,1,0,0,5.1457061767578125,0,1
B36,mixamorig_RightUpLeg,0,-0.99617999792099,0.08312340825796127,-0.0148059893399477,0,-0.01088606659322977,0.032332003116607666,0.9957165718078613,0,0.08469558507204056,0.9922504425048828,-0.0310481246560812,0,-15.206181526184082,-5.639214038848877,-0.017153000459074974,1
B37,mixamorig_RightLeg,36,0.948559582233429,-0.31497445702552795,0.014058198779821396,0,-0.1334216594696045,-0.4386725127696991,-0.887846052646637,0,0.28644242882728577,0.8404845595359802,-0.45789986848831177,0,0,25.640430450439453,0,1
B38,mixamorig_RightFoot,37,0.9889464974403381,-0.12313903123140335,-0.08233752846717834,0,0.1411060094833374,0.6111543774604797,0.7779199481010437,0,-0.04540887102484703,-0.7809433937072754,0.6217791438102722,0,0,19.428544998168945,0,1
B39,mixamorig_RightToeBase,38,0.9975869655609131,0.047509416937828064,-0.05047963559627533,0,0.018518313765525818,0.5195601582527161,0.8541496992111206,0,0.06678716838359833,-0.8530297875404358,0.5174235701560974,0,0,12.713443756103516,0,1
B40,mixamorig_RightToe_End,39,1,0,0,0,0,1,0,0,0,0,1,0,0,5.145572185516357,0,1
@34,0,1,2,3,4,5,7,8,9,10,11,12,13,15,16,17,19,20,21,22,23,24,25,27,28,29,31,32,33,34,36,37,38,39
K0.000,0.9949420094490051,0.01474399957805872,-0.09936600178480148,0,0.059491999447345734,0.710561990737915,0.7011150121688843,0,0.08094300329685211,-0.7034800052642822,0.7060909867286682,0,2.0907750129699707,45.554771423339844,-3.1272060871124268,1,0.9998610019683838,-0.003777999896556139,0.016263000667095184,0,-0.0016639999812468886,0.9466639757156372,0.3222169876098633,0,-0.016612999141216278,-0.3222000002861023,0.9465259909629822,0,0,10.15488052368164,-0.29943200945854187,1,0.9999200105667114,-0.006947000045329332,0.01055699959397316,0,0.0055069997906684875,0.9913859963417053,0.1308560073375702,0,-0.011374999769032001,-0.13078799843788147,0.9913449883460999,0,0,11.852499961853027,0,1,0.9998350143432617,-0.0045449999161064625,0.0175819993019104,0,-0.0003020000003743917,0.9638749957084656,0.2663550078868866,0,-0.018157999962568283,-0.2663170099258423,0.9637150168418884,0,0,13.54572582244873,0,1,0.9946730136871338,0.10262099653482437,-0.009689999744296074,0,-0.09613200277090073,0.8896200060844421,-0.4464690089225769,0,-0.03719700127840042,0.44502198696136475,0.8947470188140869,0,0,15.238935470581055,0,1,0.9999979734420776,-0.0017450000159442425,0.00113800005055964,0,0.0020149999763816595,0.6718000173568726,-0.7407299876213074,0,0.0005280000041238964,0.7407310009002686,0.6718019843101501,0,0,6.069733142852783,0.0718419998884201,1,-0.1937599927186966,0.03884800150990486,-0.9802790284156799,0,0.9790899753570557,0.07076500356197357,-0.19072100520133972,0,0.06196000054478645,-0.9967359900474548,-0.051747001707553864,0,12.931761741638184,13.36662483215332,-0.024089999496936798,1,0.7751020193099976,0.5648699998855591,-0.28308799862861633,0,-0.084927998483181,0.5371170043945312,0.8392210006713867,0,0.6261019706726074,-0.6264399886131287,0.4642939865589142,0,0,26.221097946166992,0,1,0.00026500000967644155,-0.19076700508594513,0.9816349744796753,0,-0.4790489971637726,0.8616440296173096,0.16757799685001373,0,-0.8777880072593689,-0.4702959954738617,-0.09115800261497498,0,0,16.07257843017578,0,1,-0.13560399413108826,0.085207000374794,-0.9870920181274414,0,0.35938799381256104,0.9326689839363098,0.031137000769376755,0,0.9232829809188843,-0.35052600502967834,-0.1570959985256195,0,0,23.019641876220703,0,1,0.2653050124645233,0.30847400426864624,-0.9134860038757324,0,-0.3002359867095947,0.9267640113830566,0.22575999796390533,0,0.9162269830703735,0.21436600387096405,0.33848899602890015,0,-5.102105140686035,5.694654941558838,0,1,0.9049149751663208,-0.4253599941730499,-0.014047999866306782,0,0.42357099056243896,0.896914005279541,0.1270119994878769,0,-0.041425999253988266,-0.12088499963283539,0.9918019771575928,0,-0.2425439953804016,6.111946105957031,0,1,0.9512400031089783,0.30774199962615967,0.020927999168634415,0,-0.3076480031013489,0.9514690041542053,-0.007662000134587288,0,-0.022269999608397484,0.0008500000112690032,0.9997519850730896,0,-0.6389309763908386,6.818601131439209,0,1,0.9972760081291199,0.06575500220060349,-0.03341599926352501,0,-0.07050199806690216,0.9829379916191101,-0.16989000141620636,0,0.021674999967217445,0.17178399860858917,0.9848960041999817,0,0,12.069541931152344,0.2830030024051666,1,0.9997230172157288,-0.023482000455260277,0.0014070000033825636,0,0.023482000455260277,0.9997239708900452,0.00006500000017695129,0,-0.001408000010997057,-0.00003199999991920777,0.9999989867210388,0,-0.2065349966287613,9.248311042785645,0,1,0.9997580051422119,0.02197900041937828,0.0009459999855607748,0,-0.021198999136686325,0.9739620089530945,-0.22571800649166107,0,-0.005882999859750271,0.22564299404621124,0.9741920232772827,0,-0.2367130070924759,5.1582818031311035,0,1,-0.13026799261569977,-0.05140199884772301,0.9901459813117981,0,-0.9891170263290405,-0.062157001346349716,-0.13335900008678436,0,0.06839899718761444,-0.9967420101165771,-0.04274500161409378,0,-12.931761741638184,13.368457794189453,-0.08627299964427948,1,0.8958370089530945,-0.38977500796318054,0.21342900395393372,0,0.030503999441862106,0.5330860018730164,0.8455110192298889,0,-0.44333401322364807,-0.7509300112724304,0.48944801092147827,0,0,26.221097946166992,0,1,0.25679901242256165,0.14754599332809448,-0.9551360011100769,0,0.4802129864692688,0.8381689786911011,0.2585879862308502,0,0.8387190103530884,-0.5250740051269531,0.14438800513744354,0,0,16.070491790771484,0,1,-0.23385100066661835,0.09247999638319016,0.9678639769554138,0,-0.40204301476478577,0.8971740007400513,-0.1828649938106537,0,-0.8852540254592896,-0.4318859875202179,-0.17262400686740875,0,0,23.006677627563477,0,1,0.2698040008544922,-0.316074013710022,0.9095619916915894,0,0.3096739947795868,0.9228929877281189,0.22884799540042877,0,-0.9117609858512878,0.21992400288581848,0.3468810021877289,0,4.856080055236816,5.508211135864258,0.000003000000106112566,1,0.9010199904441833,0.43325600028038025,0.0212629996240139,0,-0.4321869909763336,0.8924450278282166,0.12944699823856354,0,0.03710699826478958,-0.1258240044116974,0.9913579821586609,0,0.11964300274848938,5.873307228088379,0,1,0.9720770120620728,-0.2345460057258606,-0.00735899992287159,0,0.23451800644397736,0.9721019864082336,-0.004453999921679497,0,0.008198999799787998,0.002604000037536025,0.9999629855155945,0,0.5851889848709106,6.872167110443115,0,1,0.9958490133285522,-0.08893299847841263,0.01936499960720539,0,0.09096799790859222,0.9794960021972656,-0.17975600063800812,0,-0.0029819998890161514,0.18077099323272705,0.9835209846496582,0,0,11.272738456726074,0.16046999394893646,1,0.9956709742546082,0.09211400151252747,-0.012450999580323696,0,-0.09210699796676636,0.9957489967346191,0.0011109999613836408,0,0.012500000186264515,0.00004099999932805076,0.999921977519989,0,-0.01638299971818924,8.495157241821289,0,1,0.9955549836158752,-0.0940139964222908,0.005537000019103289,0,0.09281499683856964,0.9694939851760864,-0.22686199843883514,0,0.015960000455379486,0.22636699676513672,0.9739109873771667,0,0.6223239898681641,6.868310928344727,0,1,-0.9706609845161438,-0.1834000051021576,-0.15550099313259125,0,-0.14309099316596985,-0.07914700359106064,0.9865400195121765,0,-0.1932390034198761,0.9798470139503479,0.050581999123096466,0,15.206181526184082,-5.639214038848877,0.4854309856891632,1,0.9815160036087036,0.14440500736236572,-0.12559500336647034,0,-0.006763999816030264,-0.6296700239181519,-0.7768329977989197,0,-0.19126200675964355,0.7633240222930908,-0.6170539855957031,0,0,25.565828323364258,0,1,0.9971140027046204,-0.07566399872303009,0.006171999964863062,0,0.026343999430537224,0.42111900448799133,0.9066230058670044,0,-0.0711980015039444,-0.9038439989089966,0.4218969941139221,0,0,19.34305763244629,0,1,0.9857940077781677,0.01757100038230419,-0.16703499853610992,0,0.12359599769115448,0.5975019931793213,0.7922850251197815,0,0.11372499912977219,-0.801675021648407,0.5868420004844666,0,0,12.453317642211914,0,1,-0.988074004650116,-0.11167299747467041,0.10601399838924408,0,0.14671200513839722,-0.47373101115226746,0.8683630228042603,0,-0.04675000160932541,0.8735610246658325,0.48446500301361084,0,-15.206181526184082,-5.639214038848877,-0.017153000459074974,1,0.9397580027580261,-0.2819780111312866,-0.19324199855327606,0,-0.19461199641227722,0.02342200092971325,-0.9806010127067566,0,0.281033992767334,0.9591349959373474,-0.03286600112915039,0,0,25.640430450439453,0,1,0.9987789988517761,-0.01807899959385395,-0.04597900062799454,0,0.04096800088882446,-0.21709799766540527,0.9752900004386902,0,-0.027614999562501907,-0.9759820103645325,-0.21609200537204742,0,0,19.428544998168945,0,1,0.99931401014328,0.027417000383138657,0.024879999458789825,0,-0.034710001200437546,0.4600369930267334,0.8872209787368774,0,0.012879000045359135,-0.8874760270118713,0.460673987865448,0,0,12.713443756103516,0,1
K0.033,0.9962980151176453,0.024319138377904892,-0.08245784044265747,0,0.040357787162065506,0.7145910263061523,0.6983770132064819,0,0.07590698450803757,-0.6991199254989624,0.7109640836715698,0,2.51729679107666,44.35189437866211,-3.700939178466797,1,0.9994389414787292,-0.03175537660717964,-0.010641396045684814,0,0.033489473164081573,0.9508230686187744,0.3079177141189575,0,0.00034028306254185736,-0.30810073018074036,0.9513530731201172,0,0,10.15488052368164,-0.29943200945854187,1,0.9996950030326843,-0.024517156183719635,-0.0030920973513275385,0,0.024710163474082947,0.9928010106086731,0.1172027662396431,0,0.00019608790171332657,-0.11724276840686798,0.99310302734375,0,0,11.852499961853027,0,1,0.9997720122337341,-0.021280154585838318,0.0017188919009640813,0,0.02015017718076706,0.9671380519866943,0.25345274806022644,0,-0.0070559256710112095,-0.253360778093338,0.9673460721969604,0,0,13.54572582244873,0,1,0.9908609390258789,0.13401739299297333,0.015294289216399193,0,-0.11566231399774551,0.902499258518219,-0.41487032175064087,0,-0.069402314722538,0.4093102514743805,0.9097523093223572,0,0,15.238935470581055,0,1,0.9993299841880798,0.030557245016098022,0.0201231949031353,0,-0.005984028801321983,0.6790920495986938,-0.7340289354324341,0,-0.03609531372785568,0.7334169149398804,0.6788200736045837,0,0,6.069733142852783,0.0718419998884201,1,-0.19241994619369507,0.03695898875594139,-0.9806169867515564,0,0.9787960052490234,0.0787520483136177,-0.1890939474105835,0,0.07023705542087555,-0.9962090253829956,-0.05132899433374405,0,12.931761741638184,13.36662483215332,-0.024089999496936798,1,0.7766269445419312,0.541776716709137,-0.32144859433174133,0,-0.03380240872502327,0.5453702211380005,0.8375128507614136,0,0.6290530562400818,-0.6395689845085144,0.4418628513813019,0,0,26.221097946166992,0,1,0.034192342311143875,-0.18690191209316254,0.9817829728126526,0,-0.48156410455703735,0.857715904712677,0.18005408346652985,0,-0.8757438659667969,-0.478948175907135,-0.06067769601941109,0,0,16.07257843017578,0,1,-0.1342799812555313,0.07001280784606934,-0.9884669780731201,0,0.3679700493812561,0.9297019839286804,0.01586281508207321,0,0.9200909733772278,-0.36159607768058777,-0.15060290694236755,0,0,23.019641876220703,0,1,0.26530399918556213,0.30847400426864624,-0.9134860038757324,0,-0.30023500323295593,0.9267640113830566,0.22575999796390533,0,0.9162269830703735,0.21436600387096405,0.33848899602890015,0,-5.102105140686035,5.694654941558838,0,1,0.9049149751663208,-0.4253610074520111,-0.014047999866306782,0,0.42357200384140015,0.896914005279541,0.1270119994878769,0,-0.041425999253988266,-0.12088499963283539,0.9918019771575928,0,-0.2425439953804016,6.111946105957031,0,1,0.9512389898300171,0.30774301290512085,0.020927999168634415,0,-0.30764898657798767,0.9514690041542053,-0.007662000134587288,0,-0.022269999608397484,0.0008500000112690032,0.9997519850730896,0,-0.6389309763908386,6.818601131439209,0,1,0.9972760081291199,0.06575500220060349,-0.03341599926352501,0,-0.07050199806690216,0.9829379916191101,-0.16989000141620636,0,0.021674999967217445,0.17178300023078918,0.9848960041999817,0,0,12.069541931152344,0.2830030024051666,1,0.9997230172157288,-0.023482000455260277,0.0014070000033825636,0,0.023482000455260277,0.9997239708900452,0.00006500000017695129,0,-0.001408000010997057,-0.00003199999991920777,0.9999989867210388,0,-0.2065349966287613,9.248311042785645,0,1,0.9997580051422119,0.02197900041937828,0.0009459999855607748,0,-0.021198000758886337,0.9739620089530945,-0.22571800649166107,0,-0.005882999859750271,0.22564400732517242,0.9741920232772827,0,-0.2367130070924759,5.1582818031311035,0,1,-0.1316940188407898,-0.051202014088630676,0.9899669885635376,0,-0.9890030026435852,-0.061010073870420456,-0.13472102582454681,0,0.06729607284069061,-0.9968230128288269,-0.042603999376297,0,-12.931761741638184,13.368457794189453,-0.08627299964427948,1,0.8964570760726929,-0.37225958704948425,0.24038831889629364,0,-0.004121594130992889,0.5354508757591248,0.8445560336112976,0,-0.44311079382896423,-0.7580992579460144,0.4784737527370453,0,0,26.221097946166992,0,1,0.23509308695793152,0.13057780265808105,-0.9631620049476624,0,0.5344443321228027,0.8103217482566833,0.24030695855617523,0,0.8118497729301453,-0.5712503790855408,0.12071508914232254,0,0,16.070491790771484,0,1,-0.22884199023246765,0.10873416066169739,0.9673720002174377,0,-0.37655195593833923,0.9064980149269104,-0.19096913933753967,0,-0.8976860046386719,-0.4079679846763611,-0.16649992763996124,0,0,23.006677627563477,0,1,0.26980501413345337,-0.316074013710022,0.9095619916915894,0,0.3096739947795868,0.9228929877281189,0.22884699702262878,0,-0.9117609858512878,0.21992400288581848,0.3468810021877289,0,4.856080055236816,5.508211135864258,0.000003000000106112566,1,0.9010199904441833,0.43325498700141907,0.0212629996240139,0,-0.4321869909763336,0.8924450278282166,0.12944699823856354,0,0.03710699826478958,-0.1258240044116974,0.9913579821586609,0,0.11964300274848938,5.873307228088379,0,1,0.9720770120620728,-0.2345460057258606,-0.00735899992287159,0,0.23451800644397736,0.9721019864082336,-0.004453999921679497,0,0.008198999799787998,0.002604000037536025,0.9999629855155945,0,0.5851889848709106,6.872167110443115,0,1,0.9958490133285522,-0.08893299847841263,0.01936499960720539,0,0.09096799790859222,0.9794960021972656,-0.17975600063800812,0,-0.0029819998890161514,0.18077099323272705,0.9835209846496582,0,0,11.272738456726074,0.16046999394893646,1,0.9956709742546082,0.09211300313472748,-0.012450999580323696,0,-0.09210699796676636,0.9957489967346191,0.0011109999613836408,0,0.012500000186264515,0.00004099998841411434,0.999921977519989,0,-0.01638299971818924,8.495157241821289,0,1,0.9955549836158752,-0.0940139964222908,0.005537000019103289,0,0.09281499683856964,0.9694939851760864,-0.22686100006103516,0,0.015960000455379486,0.22636699676513672,0.9739109873771667,0,0.6223239898681641,6.868310928344727,0,1,-0.9797961115837097,-0.17511937022209167,-0.09660167992115021,0,-0.1573726236820221,0.3770083785057068,0.9127416610717773,0,-0.12342023849487305,0.909503698348999,-0.39695027470588684,0,15.206181526184082,-5.639214038848877,0.4854309856891632,1,0.9854030013084412,0.14086319506168365,-0.09559828788042068,0,-0.009278753772377968,-0.5162762403488159,-0.8563711047172546,0,-0.16998590528964996,0.8447571396827698,-0.507433295249939,0,0,25.565828323364258,0,1,0.9995399713516235,-0.01702251099050045,0.02509300224483013,0,-0.008420323021709919,0.6391887664794922,0.7690030932426453,0,-0.02912973053753376,-0.7688611149787903,0.6387518048286438,0,0,19.34305763244629,0,1,0.9866480827331543,0.021674929186701775,-0.16141732037067413,0,0.11290747672319412,0.6232502460479736,0.7738288044929504,0,0.11737553775310516,-0.7817217707633972,0.6124813556671143,0,0,12.453317642211914,0,1,-0.9844040274620056,-0.1435650885105133,0.10167484730482101,0,0.17415902018547058,-0.7136606574058533,0.6784956455230713,0,-0.02484666183590889,0.6856216788291931,0.7275336980819702,0,-15.206181526184082,-5.639214038848877,-0.017153000459074974,1,0.9160810708999634,-0.3266805410385132,-0.23254038393497467,0,-0.1841537207365036,0.17240099608898163,-0.9676594734191895,0,0.3562060296535492,0.9292775392532349,0.09777401387691498,0,0,25.640430450439453,0,1,0.9991229772567749,0.03619006648659706,-0.02106514200568199,0,0.02969508431851864,-0.25764310359954834,0.9657832980155945,0,0.02952410839498043,-0.9655622839927673,-0.2584920823574066,0,0,19.428544998168945,0,1,0.9946460127830505,0.09114107489585876,0.04870302975177765,0,-0.07785984128713608,0.35108956694602966,0.9330986142158508,0,0.06794423609972,-0.9318956136703491,0.3563055694103241,0,0,12.713443756103516,0,1
K0.067,0.9970290064811707,0.038178861141204834,-0.06690315902233124,0,0.019289208576083183,0.7171149849891663,0.6966879963874817,0,0.0745760127902031,-0.6959080696105957,0.7142479419708252,0,2.498887300491333,42.66627502441406,-2.910615921020508,1,0.9963220357894897,-0.06943263113498688,-0.05020860582590103,0,0.08075953274965286,0.9567359685897827,0.27952325344085693,0,0.028628718107938766,-0.28255027532577515,0.9588249325752258,0,0,10.15488052368164,-0.29943200945854187,1,0.999110996723175,-0.04014984518289566,-0.01281790342181921,0,0.04117783531546593,0.9947310090065002,0.0938902273774147,0,0.008980912156403065,-0.09433522820472717,0.9955000281333923,0,0,11.852499961853027,0,1,0.9992870092391968,-0.03664884716272354,-0.009093892760574818,0,0.03775782510638237,0.9722379446029663,0.23092623054981232,0,0.0003789261099882424,-0.23110422492027283,0.9729289412498474,0,0,13.54572582244873,0,1,0.983987033367157,0.1726556122303009,0.04426071420311928,0,-0.1470796912908554,0.926808774471283,-0.34553369879722595,0,-0.10067968815565109,0.3334907591342926,0.9373617172241211,0,0,15.238935470581055,0,1,0.9976940155029297,0.055073756724596024,0.03966080769896507,0,-0.008860970847308636,0.6850809454917908,-0.7284130454063416,0,-0.06728768348693848,0.7263820767402649,0.6839889287948608,0,0,6.069733142852783,0.0718419998884201,1,-0.18638905882835388,0.03585101291537285,-0.9818220138549805,0,0.979574978351593,0.08351495862007141,-0.18291306495666504,0,0.07543894648551941,-0.9958609938621521,-0.050685007125139236,0,12.931761741638184,13.36662483215332,-0.024089999496936798,1,0.7714110612869263,0.5103912949562073,-0.380033403635025,0,0.025572409853339195,0.5718727707862854,0.8199431896209717,0,0.6358229517936707,-0.6422320008277893,0.4280971586704254,0,0,26.221097946166992,0,1,0.06828966736793518,-0.1779770851135254,0.9816619753837585,0,-0.49433788657188416,0.8486410975456238,0.18824893236160278,0,-0.8665831089019775,-0.49812883138656616,-0.030027305707335472,0,0,16.07257843017578,0,1,-0.13275600969791412,0.05096618831157684,-0.9898380041122437,0,0.37527793645858765,0.9269090294837952,-0.0026058165822178125,0,0.917356014251709,-0.3718098998069763,-0.14217908680438995,0,0,23.019641876220703,0,1,0.2653050124645233,0.30847400426864624,-0.9134860038757324,0,-0.3002359867095947,0.9267640113830566,0.22575999796390533,0,0.9162269830703735,0.21436600387096405,0.33848899602890015,0,-5.102105140686035,5.694654941558838,0,1,0.9049149751663208,-0.4253599941730499,-0.014047999866306782,0,0.42357099056243896,0.896914005279541,0.1270119994878769,0,-0.041425999253988266,-0.12088499963283539,0.9918019771575928,0,-0.2425439953804016,6.111946105957031,0,1,0.9512389898300171,0.30774301290512085,0.020927999168634415,0,-0.3076480031013489,0.9514690041542053,-0.007662000134587288,0,-0.022269999608397484,0.0008500000112690032,0.9997519850730896,0,-0.6389309763908386,6.818601131439209,0,1,0.9972760081291199,0.06575500220060349,-0.03341599926352501,0,-0.07050199806690216,0.9829379916191101,-0.16989000141620636,0,0.021674999967217445,0.17178399860858917,0.9848960041999817,0,0,12.069541931152344,0.2830030024051666,1,0.9997230172157288,-0.023482000455260277,0.0014070000033825636,0,0.023482000455260277,0.9997239708900452,0.00006500000017695129,0,-0.001408000010997057,-0.00003199999991920777,0.9999989867210388,0,-0.2065349966287613,9.248311042785645,0,1,0.9997580051422119,0.02197900041937828,0.0009459999855607748,0,-0.021198999136686325,0.9739620089530945,-0.22571800649166107,0,-0.005882999859750271,0.22564299404621124,0.9741920232772827,0,-0.2367130070924759,5.1582818031311035,0,1,-0.13392499089241028,-0.05252998694777489,0.9895979762077332,0,-0.9881470203399658,-0.06853492558002472,-0.13736596703529358,0,0.07503792643547058,-0.9962649941444397,-0.04272900149226189,0,-12.931761741638184,13.368457794189453,-0.08627299964427948,1,0.9036429524421692,-0.3305884301662445,0.27228766679763794,0,-0.06348840892314911,0.5253391265869141,0.8485209345817566,0,-0.4235542118549347,-0.7840477824211121,0.4537302255630493,0,0,26.221097946166992,0,1,0.24475890398025513,0.11141719669103622,-0.9631609916687012,0,0.5679976344108582,0.7885992527008057,0.23556403815746307,0,0.7857932448387146,-0.6047296524047852,0.1297319084405899,0,0,16.070491790771484,0,1,-0.22681701183319092,0.12477284669876099,0.9659119844436646,0,-0.3727930188179016,0.9051089882850647,-0.20445886254310608,0,-0.8997669816017151,-0.4064590334892273,-0.1587790697813034,0,0,23.006677627563477,0,1,0.2698040008544922,-0.316074013710022,0.9095619916915894,0,0.3096739947795868,0.9228929877281189,0.22884699702262878,0,-0.9117609858512878,0.21992400288581848,0.3468799889087677,0,4.856080055236816,5.508211135864258,0.000003000000106112566,1,0.9010199904441833,0.43325498700141907,0.0212629996240139,0,-0.4321869909763336,0.8924450278282166,0.12944599986076355,0,0.03710699826478958,-0.1258240044116974,0.9913579821586609,0,0.11964300274848938,5.873307228088379,0,1,0.9720770120620728,-0.2345460057258606,-0.00735899992287159,0,0.23451800644397736,0.9721009731292725,-0.004453999921679497,0,0.008197999559342861,0.002604000037536025,0.9999629855155945,0,0.5851889848709106,6.872167110443115,0,1,0.9958490133285522,-0.08893299847841263,0.01936499960720539,0,0.09096799790859222,0.9794960021972656,-0.17975600063800812,0,-0.0029819998890161514,0.18077200651168823,0.9835209846496582,0,0,11.272738456726074,0.16046999394893646,1,0.9956709742546082,0.09211300313472748,-0.012450999580323696,0,-0.09210699796676636,0.9957489967346191,0.0011109999613836408,0,0.012500000186264515,0.00004000000990345143,0.999921977519989,0,-0.01638299971818924,8.495157241821289,0,1,0.9955549836158752,-0.0940139964222908,0.005537000019103289,0,0.09281499683856964,0.9694939851760864,-0.22686100006103516,0,0.015960000455379486,0.22636699676513672,0.9739109873771667,0,0.6223239898681641,6.868310928344727,0,1,-0.9916008710861206,-0.1118406280875206,-0.06494931131601334,0,-0.12042336165904999,0.6152775883674622,0.7790573239326477,0,-0.047168757766485214,0.780336320400238,-0.6235787272453308,0,15.206181526184082,-5.639214038848877,0.4854309856891632,1,0.9868029952049255,0.16006280481815338,-0.02448270656168461,0,0.015264756046235561,-0.24248673021793365,-0.9700338840484619,0,-0.16120308637619019,0.9568588733673096,-0.24173063039779663,0,0,25.565828323364258,0,1,0.9991670250892639,0.032009512186050415,0.025320997461676598,0,-0.0407576784491539,0.8149312734603882,0.5781229138374329,0,-0.002129268366843462,-0.5786728858947754,0.8155562877655029,0,0,19.34305763244629,0,1,0.9955819249153137,0.014588071033358574,-0.09275968372821808,0,0.06112751364707947,0.6491857767105103,0.7581701874732971,0,0.07127845287322998,-0.7604902386665344,0.6454256772994995,0,0,12.453317642211914,0,1,-0.9844779968261719,-0.15239791572093964,0.08704815059900284,0,0.1752699911594391,-0.8794193267822266,0.4426073431968689,0,0.009099663235247135,0.4509943127632141,0.8924803137779236,0,-15.206181526184082,-5.639214038848877,-0.017153000459074974,1,0.9206249117851257,-0.2809084355831146,-0.2711826264858246,0,-0.15588627755641937,0.37234601378440857,-0.9149085283279419,0,0.3579789698123932,0.8845614194869995,0.299001008272171,0,0,25.640430450439453,0,1,0.9984610080718994,0.04281993210315704,-0.03524285927414894,0,0.03800791874527931,-0.06555990874767303,0.9971247315406799,0,0.0403858907520771,-0.9969297051429749,-0.06708689779043198,0,0,19.428544998168945,0,1,0.9938070178031921,0.09828592836856842,0.05184996873140335,0,-0.06241815164685249,0.10770241916179657,0.9922214150428772,0,0.09193675965070724,-0.9893124103546143,0.11317041516304016,0,0,12.713443756103516,0,1
K0.100,0.9969990253448486,0.04731899872422218,-0.06127500161528587,0,0.008461001329123974,0.7201269865036011,0.6937909722328186,0,0.07695499807596207,-0.6922270059585571,0.7175650000572205,0,1.9117530584335327,41.39427947998047,-1.5497710704803467,1,0.990559995174408,-0.10187800228595734,-0.09171800315380096,0,0.1215440034866333,0.9621390104293823,0.24395699799060822,0,0.06339199841022491,-0.25280100107192993,0.9654390215873718,0,0,10.15488052368164,-0.29943200945854187,1,0.9987810254096985,-0.04682699963450432,-0.015615999698638916,0,0.04774300009012222,0.9967700242996216,0.06457599997520447,0,0.012540999799966812,-0.06524199992418289,0.9977909922599792,0,0,11.852499961853027,0,1,0.9989820122718811,-0.04353399947285652,-0.011801999993622303,0,0.04502199962735176,0.9782930016517639,0.20227700471878052,0,0.002739999908953905,-0.20260199904441833,0.9792569875717163,0,0,13.54572582244873,0,1,0.9758390188217163,0.2053530067205429,0.07462699711322784,0,-0.18072499334812164,0.9505680203437805,-0.2525070011615753,0,-0.12279099971055984,0.23291899263858795,0.9647129774093628,0,0,15.238935470581055,0,1,0.9964230060577393,0.06380099803209305,0.05541599914431572,0,-0.0042420001700520515,0.6926850080490112,-0.7212280035018921,0,-0.08440099656581879,0.7184129953384399,0.6904770135879517,0,0,6.069733142852783,0.0718419998884201,1,-0.1773490011692047,0.03650100156664848,-0.9834709763526917,0,0.9814260005950928,0.0808349996805191,-0.1739799976348877,0,0.07314799726009369,-0.996059000492096,-0.05015899986028671,0,12.931761741638184,13.36662483215332,-0.024089999496936798,1,0.7606729865074158,0.47404199838638306,-0.443464994430542,0,0.08927799761295319,0.6002709865570068,0.7947980165481567,0,0.6429669857025146,-0.6441730260848999,0.4142880141735077,0,0,26.221097946166992,0,1,0.10251200199127197,-0.16471999883651733,0.9809989929199219,0,-0.5104029774665833,0.8377649784088135,0.19400499761104584,0,-0.8538029789924622,-0.520592987537384,0.0018069986253976822,0,0,16.07257843017578,0,1,-0.13147799670696259,0.031615000218153,-0.9908149838447571,0,0.3856180012226105,0.922402024269104,-0.021738000214099884,0,0.9132429957389832,-0.3849340081214905,-0.13346700370311737,0,0,23.019641876220703,0,1,0.2653050124645233,0.30847400426864624,-0.9134860038757324,0,-0.3002359867095947,0.9267640113830566,0.22575999796390533,0,0.9162269830703735,0.21436600387096405,0.33848899602890015,0,-5.102105140686035,5.694654941558838,0,1,0.9049149751663208,-0.4253599941730499,-0.014047999866306782,0,0.42357099056243896,0.896914005279541,0.1270119994878769,0,-0.041425999253988266,-0.12088499963283539,0.9918019771575928,0,-0.2425439953804016,6.111946105957031,0,1,0.9512389898300171,0.30774301290512085,0.020927999168634415,0,-0.30764898657798767,0.9514690041542053,-0.007662000134587288,0,-0.022269999608397484,0.0008500000112690032,0.9997519850730896,0,-0.6389309763908386,6.818601131439209,0,1,0.9972760081291199,0.06575500220060349,-0.03341599926352501,0,-0.07050199806690216,0.9829379916191101,-0.16989099979400635,0,0.021674999967217445,0.17178399860858917,0.9848960041999817,0,0,12.069541931152344,0.2830030024051666,1,0.9997230172157288,-0.023482000455260277,0.0014070000033825636,0,0.023482000455260277,0.9997239708900452,0.00006500000017695129,0,-0.001408000010997057,-0.00003199999991920777,0.9999989867210388,0,-0.2065349966287613,9.248311042785645,0,1,0.9997580051422119,0.02197900041937828,0.0009459999855607748,0,-0.021198999136686325,0.9739620089530945,-0.22571800649166107,0,-0.005882999859750271,0.22564400732517242,0.9741920232772827,0,-0.2367130070924759,5.1582818031311035,0,1,-0.1382710039615631,-0.05508999899029732,0.9888610243797302,0,-0.9863370060920715,-0.0826210007071495,-0.1425209939479828,0,0.08955299854278564,-0.9950569868087769,-0.04291300103068352,0,-12.931761741638184,13.368457794189453,-0.08627299964427948,1,0.9123160243034363,-0.27369600534439087,0.30458199977874756,0,-0.13042399287223816,0.5108590126037598,0.8497130274772644,0,-0.3881619870662689,-0.8149319887161255,0.43036800622940063,0,0,26.221097946166992,0,1,0.27726098895072937,0.08779200166463852,-0.9567750096321106,0,0.5857679843902588,0.7738940119743347,0.2407590001821518,0,0.7615789771080017,-0.6272010207176208,0.1631450057029724,0,0,16.070491790771484,0,1,-0.2274640053510666,0.1391890048980713,0.9637879729270935,0,-0.38413000106811523,0.8966479897499084,-0.22015200555324554,0,-0.8948209881782532,-0.4202960133552551,-0.1504880040884018,0,0,23.006677627563477,0,1,0.26980501413345337,-0.316074013710022,0.9095619916915894,0,0.3096739947795868,0.9228929877281189,0.22884799540042877,0,-0.9117609858512878,0.2199230045080185,0.3468810021877289,0,4.856080055236816,5.508211135864258,0.000003000000106112566,1,0.9010199904441833,0.43325600028038025,0.0212629996240139,0,-0.4321869909763336,0.8924450278282166,0.12944599986076355,0,0.03710699826478958,-0.1258240044116974,0.9913579821586609,0,0.11964300274848938,5.873307228088379,0,1,0.9720770120620728,-0.2345460057258606,-0.00735899992287159,0,0.23451800644397736,0.9721019864082336,-0.004455000162124634,0,0.008198999799787998,0.002604000037536025,0.9999629855155945,0,0.5851889848709106,6.872167110443115,0,1,0.9958490133285522,-0.08893299847841263,0.01936499960720539,0,0.09096799790859222,0.9794960021972656,-0.17975600063800812,0,-0.0029819998890161514,0.18077099323272705,0.9835209846496582,0,0,11.272738456726074,0.16046999394893646,1,0.9956709742546082,0.09211300313472748,-0.012450000271201134,0,-0.09210599958896637,0.9957489967346191,0.0011109999613836408,0,0.012500000186264515,0.000039999998989515007,0.999921977519989,0,-0.01638299971818924,8.495157241821289,0,1,0.9955549836158752,-0.0940139964222908,0.005537000019103289,0,0.09281499683856964,0.9694939851760864,-0.22686100006103516,0,0.015960000455379486,0.22636699676513672,0.9739109873771667,0,0.6223239898681641,6.868310928344727,0,1,-0.997281014919281,-0.027101004496216774,-0.06852500140666962,0,-0.0689150020480156,0.6722800135612488,0.7370830178260803,0,0.02609199658036232,0.7398009896278381,-0.6723200082778931,0,15.206181526184082,-5.639214038848877,0.4854309856891632,1,0.9864739775657654,0.14753900468349457,0.07142699509859085,0,0.05315399914979935,0.12428298592567444,-0.9908220171928406,0,-0.1550620049238205,0.9812170267105103,0.11475998163223267,0,0,25.565828323364258,0,1,0.9967309832572937,0.0802759975194931,0.00914000067859888,0,-0.0780550017952919,0.9275400042533875,0.3654809892177582,0,0.020860997959971428,-0.36500000953674316,0.9307739734649658,0,0,19.34305763244629,0,1,0.9982349872589111,0.011094000190496445,-0.05835000053048134,0,0.037181999534368515,0.649366021156311,0.7595670223236084,0,0.046316999942064285,-0.7603949904441833,0.6478070020675659,0,0,12.453317642211914,0,1,-0.986257016658783,-0.14541099965572357,0.07843700051307678,0,0.1581220030784607,-0.9683830142021179,0.1929580122232437,0,0.047899000346660614,0.20270802080631256,0.9780669808387756,0,-15.206181526184082,-5.639214038848877,-0.017153000459074974,1,0.9550970196723938,-0.13837499916553497,-0.2619979977607727,0,-0.10597799718379974,0.6662089824676514,-0.7381960153579712,0,0.2766929864883423,0.7328150272369385,0.621628999710083,0,0,25.640430450439453,0,1,0.997730016708374,-0.014966997317969799,-0.06566400080919266,0,0.0658240020275116,0.4229719638824463,0.9037489891052246,0,0.014248001389205456,-0.9060189723968506,0.42299696803092957,0,0,19.428544998168945,0,1,0.9992210268974304,0.03883500397205353,0.006976001895964146,0,0.0045599970035254955,-0.28927797079086304,0.9572340250015259,0,0.03919200226664543,-0.9564570188522339,-0.28922995924949646,0,0,12.713443756103516,0,1
