3.633,30,108,41
B0,mixamorig_Hips,-1,0.5788182616233826,-0.04687181115150452,0.8141027092933655,0,0.018403951078653336,0.998839795589447,0.04441298171877861,0,-0.8152391314506531,-0.010724831372499466,0.5790094137191772,0,0.5516601204872131,37.80847930908203,0.8084736466407776,1
B1,mixamorig_Spine,0,0.9996156096458435,0.004236385691910982,-0.027369383722543716,0,-0.0019522340735420585,0.9965505599975586,0.08295179903507233,0,0.02762720361351967,-0.08286619186401367,0.9961775541305542,0,0,10.15488052368164,-0.29943200945854187,1
B2,mixamorig_Spine1,1,0.9987626075744629,0.009433673694729805,-0.04882302135229111,0,0.00196672510355711,0.973578155040741,0.2283409982919693,0,0.04968753084540367,-0.22815433144569397,0.9723557829856873,0,0,11.852499961853027,0,1
B3,mixamorig_Spine2,2,0.9987406730651855,0.009236551821231842,-0.04930485412478447,0,0.002264087088406086,0.9736016392707825,0.2282402515411377,0,0.050111863762140274,-0.22806458175182343,0.9723552465438843,0,0,13.54572582244873,0,1
B4,mixamorig_Neck,3,0.9943634271621704,-0.010289540514349937,-0.10550832748413086,0,0.006391710136085749,0.9992845058441162,-0.03719501942396164,0,0.10581908375024796,0.036309342831373215,0.9937201738357544,0,0,15.238935470581055,0,1
B5,mixamorig_Head,4,0.7298258543014526,-0.4400181770324707,-0.5231841206550598,0,0.4541899561882019,0.8839108347892761,-0.1099361702799797,0,0.5108608603477478,-0.15740367770195007,0.8449333310127258,0,0,6.069733142852783,0.0718419998884201,1
B6,mixamorig_HeadTop_End,5,1,0,0,0,0,1,0,0,0,0,1,0,0,77.56666564941406,0.9180859923362732,1
B7,mixamorig_LeftShoulder,3,-0.0887865349650383,-0.00238395924679935,-0.9960473775863647,0,0.9912777543067932,-0.09788313508033752,-0.08812961727380753,0,-0.09728586673736572,-0.9951848387718201,0.011051235720515251,0,12.931761741638184,13.36662483215332,-0.024089999496936798,1
B8,mixamorig_LeftArm,7,0.6496484875679016,-0.05966976284980774,0.7575027346611023,0,-0.5054068565368652,0.7104035019874573,0.4894489347934723,0,-0.5673993825912476,-0.7012505531311035,0.43132656812667847,0,0,26.221097946166992,0,1
B9,mixamorig_LeftForeArm,8,0.06473919004201889,0.1752481907606125,0.982393205165863,0,-0.9851686358451843,0.1679432988166809,0.0349622406065464,0,-0.15885907411575317,-0.9700862169265747,0.1835240125656128,0,0,16.07257843017578,0,1
B10,mixamorig_LeftHand,9,-0.03400550037622452,0.35999640822410583,-0.9323078989982605,0,0.17592310905456543,0.9204391241073608,0.34893304109573364,0,0.9837546348571777,-0.15212732553482056,-0.09464779496192932,0,0,23.019641876220703,0,1
B11,mixamorig_LeftHandThumb1,10,0.6907809972763062,0.7070209980010986,-0.1514730006456375,0,-0.5421839952468872,0.6450830101966858,0.5384269952774048,0,0.47839200496673584,-0.289808988571167,0.8289465308189392,0,-5.102105140686035,5.694654941558838,9.999999974752427e-7,1
B12,mixamorig_LeftHandThumb2,11,0.32409900426864624,-0.6698430180549622,-0.6680349707603455,0,0.7368720173835754,-0.26410049200057983,0.622310996055603,0,-0.5932790040969849,-0.6939460039138794,0.40799349546432495,0,-0.2425439953804016,6.111946105957031,0,1
B13,mixamorig_LeftHandThumb3,12,0.9314420223236084,-0.3553769886493683,0.07824449241161346,0,0.2559390068054199,0.79264897108078,0.5533555150032043,0,-0.25867000222206116,-0.4953930079936981,0.8292620182037354,0,-0.6389309763908386,6.818601131439209,0,1
B14,mixamorig_LeftHandThumb4,13,1,0,0,0,0,1,0,0,0,0,1,0,0.8814749717712402,4.155628204345703,0,1
B15,mixamorig_LeftHandIndex1,10,0.9416900277137756,0.24185499548912048,0.23393599689006805,0,-0.1882680058479309,-0.1975104957818985,0.9620519876480103,0,0.2788819968700409,-0.9499980211257935,-0.14045999944210052,0,0,12.069541931152344,0.2830030024051666,1
B16,mixamorig_LeftHandIndex2,15,0.9369609951972961,0.2702690064907074,0.22149048745632172,0,-0.20061999559402466,-0.10291049629449844,0.974249005317688,0,0.2861030101776123,-0.957269012928009,-0.04220199957489967,0,-0.2065349966287613,9.248311042785645,0,1
B17,mixamorig_LeftHandIndex3,16,0.9464139938354492,0.2818340063095093,0.1577029973268509,0,-0.3070259988307953,0.633701503276825,0.7100405097007751,0,0.10017699748277664,-0.7204110026359558,0.686273992061615,0,-0.2367130070924759,5.1582818031311035,0,1
B18,mixamorig_LeftHandIndex4,17,1,0,0,0,0,1,0,0,0,0,1,0,0.4432480037212372,4.540596961975098,0,1
B19,mixamorig_RightShoulder,3,-0.002143794670701027,-0.0029164915904402733,0.9999919533729553,0,-0.9991419911384583,-0.040796250104904175,-0.0022643855772912502,0,0.04080228507518768,-0.9991409778594971,-0.002836488885805011,0,-12.931761741638184,13.368457794189453,-0.08627299964427948,1
B20,mixamorig_RightArm,19,0.6047932505607605,-0.5055097937583923,-0.614957332611084,0,0.7955800294876099,0.35561081767082214,0.49022170901298523,0,-0.029295891523361206,-0.7860583066940308,0.6172357797622681,0,0,26.221097946166992,0,1
B21,mixamorig_RightForeArm,20,0.013135881163179874,-0.13467812538146973,-0.9908024668693542,0,0.9887149930000305,-0.14613398909568787,0.03297203406691551,0,-0.14923055469989777,-0.9800544381141663,0.13123871386051178,0,0,16.070491790771484,0,1
B22,mixamorig_RightHand,21,-0.09439080208539963,-0.37344324588775635,0.9227808713912964,0,-0.013306662440299988,0.9273428320884705,0.3738088011741638,0,-0.9953371286392212,0.022976268082857132,-0.09248841553926468,0,0,23.006677627563477,0,1
B23,mixamorig_RightHandThumb1,22,0.9687049984931946,-0.24781100451946259,-0.014140999875962734,0,0.16597549617290497,0.6043379902839661,0.7792479991912842,0,-0.18456050753593445,-0.7572090029716492,0.6265559792518616,0,4.856080055236816,5.508211135864258,0.000003000000106112566,1
B24,mixamorig_RightHandThumb2,23,0.09487250447273254,0.7795190215110779,0.6191524863243103,0,-0.8990579843521118,-0.19995199143886566,0.38950398564338684,0,0.4274264872074127,-0.5936070084571838,0.681863009929657,0,0.11964300274848938,5.873307228088379,0,1
B25,mixamorig_RightHandThumb3,24,0.9029650092124939,0.42679551243782043,0.050005000084638596,0,-0.406700998544693,0.8112289905548096,0.4201219975948334,0,0.13874050974845886,-0.39969199895858765,0.9060890078544617,0,0.5851889848709106,6.872167110443115,0,1
B26,mixamorig_RightHandThumb4,25,1,0,0,0,0,1,0,0,0,0,1,0,-0.7048320174217224,4.946209907531738,0,1
B27,mixamorig_RightHandIndex1,22,0.9349520206451416,-0.24042148888111115,-0.2608885169029236,0,0.23028400540351868,-0.14813099801540375,0.9617829918861389,0,-0.269879013299942,-0.9592990279197693,-0.08313000202178955,0,0,11.272738456726074,0.16046999394893646,1
B28,mixamorig_RightHandIndex2,27,0.9513440132141113,-0.24321700632572174,-0.18918299674987793,0,0.15843699872493744,-0.14047199487686157,0.977325975894928,0,-0.26427701115608215,-0.9597465395927429,-0.09510199725627899,0,-0.01638299971818924,8.495157241821289,0,1
B29,mixamorig_RightHandIndex3,28,0.925815999507904,-0.332846999168396,-0.17910000681877136,0,0.35298651456832886,0.5919600129127502,0.7245579957962036,0,-0.13514700531959534,-0.7340270280838013,0.6655369997024536,0,0.6223239898681641,6.868310928344727,0,1
B30,mixamorig_RightHandIndex4,29,1,0,0,0,0,1,0,0,0,0,1,0,-0.6059409976005554,4.887612819671631,0,1
B31,mixamorig_LeftUpLeg,0,-0.5357216596603394,-0.6209521293640137,0.5722072124481201,0,0.8191131949424744,-0.21758338809013367,0.5307643413543701,0,-0.20507651567459106,0.7530435919761658,0.6251941323280334,0,15.206181526184082,-5.639214038848877,0.4854309856891632,1
B32,mixamorig_LeftLeg,31,0.9433493614196777,-0.3097517788410187,-0.11887461692094803,0,-0.04669390618801117,0.23078371584415436,-0.9718584418296814,0,0.32849448919296265,0.9223576188087463,0.20324930548667908,0,0,25.565828323364258,0,1
B33,mixamorig_LeftFoot,32,0.8033100366592407,-0.44142478704452515,-0.39977461099624634,0,0.5475742816925049,0.28347763419151306,0.7872524857521057,0,-0.23417110741138458,-0.8513271808624268,0.46943849325180054,0,0,19.34305763244629,0,1
B34,mixamorig_LeftToeBase,33,0.9999420046806335,0,-0.010773999616503716,0,0.008108999580144882,0.6584540009498596,0.752577006816864,0,0.0070940000005066395,-0.7526209950447083,0.6584159731864929,0,0,12.453317642211914,9.999999974752427e-7,1
B35,mixamorig_LeftToe_End,34,1,0,0,0,0,1,0,0,0,0,1,0,0,5.1457061767578125,0,1
B36,mixamorig_RightUpLeg,0,-0.6510598063468933,0.6518642902374268,-0.3888145983219147,0,-0.7557569146156311,-0.5092498064041138,0.4116622507572174,0,0.0703541561961174,0.5618649125099182,0.8242053389549255,0,-15.206181526184082,-5.639214038848877,-0.017153000459074974,1
B37,mixamorig_RightLeg,36,0.9323554039001465,0.2300165295600891,0.27892452478408813,0,0.1890636831521988,0.3474126160144806,-0.9184368252754211,0,-0.30816736817359924,0.9090434312820435,0.28042566776275635,0,0,25.640430450439453,0,1
B38,mixamorig_RightFoot,37,0.7554181218147278,0.590997576713562,0.28295648097991943,0,-0.3820573091506958,0.046461913734674454,0.9229224324226379,0,0.5322980284690857,-0.805298388004303,0.26089298725128174,0,0,19.428544998168945,0,1
B39,mixamorig_RightToeBase,38,0.9999499917030334,5.055221095062734e-7,0.009971000254154205,0,-0.007348999846726656,0.6758880019187927,0.7369675040245056,0,-0.006738494616001844,-0.7370045185089111,0.675854504108429,0,0,12.713443756103516,0,1
B40,mixamorig_RightToe_End,39,1,0,0,0,0,1,0,0,0,0,1,0,0,5.145572185516357,0,1
@34,0,1,2,3,4,5,7,8,9,10,11,12,13,15,16,17,19,20,21,22,23,24,25,27,28,29,31,32,33,34,36,37,38,39
K0.000,0.6269170045852661,-0.08195599913597107,0.7747629880905151,0,0.012122999876737595,0.9953569769859314,0.0954819992184639,0,-0.7789909839630127,-0.05046699941158295,0.625,0,-1.5828020572662354,39.963897705078125,0.20132899284362793,1,0.9989979863166809,0.043783001601696014,-0.0092550003901124,0,-0.04305100068449974,0.996737003326416,0.0682850033044815,0,0.012214000336825848,-0.06781800091266632,0.9976230263710022,0,0,10.15488052368164,-0.29943200945854187,1,0.998386025428772,0.056143999099731445,-0.00854399986565113,0,-0.053335998207330704,0.978655993938446,0.19846099615097046,0,0.01950399950146675,-0.19768500328063965,0.980072021484375,0,0,11.852499961853027,0,1,0.9983580112457275,0.056292999535799026,-0.010595999658107758,0,-0.053077999502420425,0.9786880016326904,0.19837599992752075,0,0.021537000313401222,-0.1974879950284958,0.9800689816474915,0,0,13.54572582244873,0,1,0.9945359826087952,0.011904999613761902,-0.10371000319719315,0,-0.012791000306606293,0.9998869895935059,-0.007883000187575817,0,0.10360399633646011,0.009166999720036983,0.9945759773254395,0,0,15.238935470581055,0,1,0.7457540035247803,-0.3952929973602295,-0.5362769961357117,0,0.37762200832366943,0.9139639735221863,-0.1485619992017746,0,0.5488640069961548,-0.09171900153160095,0.8308640122413635,0,0,6.069733142852783,0.0718419998884201,1,-0.08174499869346619,0.005700999870896339,-0.9966369867324829,0,0.9768829941749573,-0.19773100316524506,-0.08125600218772888,0,-0.19752900302410126,-0.980239987373352,0.010594000108540058,0,12.931761741638184,13.36662483215332,-0.024089999496936798,1,0.7844460010528564,-0.01870499923825264,0.6199160218238831,0,-0.41352999210357666,0.7291479706764221,0.5452849864959717,0,-0.4622099995613098,-0.6840999722480774,0.5642420053482056,0,0,26.221097946166992,0,1,0.06392499804496765,0.17538699507713318,0.9824219942092896,0,-0.985945999622345,0.16335800290107727,0.03499000146985054,0,-0.15434899926185608,-0.9708520174026489,0.18336500227451324,0,0,16.07257843017578,0,1,-0.045336998999118805,0.3851650059223175,-0.9217339754104614,0,0.1850769966840744,0.9099469780921936,0.37113600969314575,0,0.9816780090332031,-0.15376600623130798,-0.11253900080919266,0,0,23.019641876220703,0,1,0.6907809972763062,0.7070209980010986,-0.1514730006456375,0,-0.5421839952468872,0.6450830101966858,0.5384269952774048,0,0.47839200496673584,-0.289808988571167,0.8289470076560974,0,-5.102105140686035,5.694654941558838,0,1,0.32409900426864624,-0.6698430180549622,-0.6680349707603455,0,0.7368720173835754,-0.2641009986400604,0.622310996055603,0,-0.5932790040969849,-0.6939460039138794,0.40799400210380554,0,-0.2425439953804016,6.111946105957031,0,1,0.9314420223236084,-0.3553769886493683,0.07824499905109406,0,0.2559390068054199,0.79264897108078,0.5533559918403625,0,-0.25867098569869995,-0.4953930079936981,0.8292620182037354,0,-0.6389309763908386,6.818601131439209,0,1,0.9416900277137756,0.2418539971113205,0.23393599689006805,0,-0.1882680058479309,-0.1975110024213791,0.9620519876480103,0,0.2788819968700409,-0.9499980211257935,-0.1404609978199005,0,0,12.069541931152344,0.2830030024051666,1,0.9369609951972961,0.2702690064907074,0.22148999571800232,0,-0.20061999559402466,-0.10290999710559845,0.974249005317688,0,0.2861030101776123,-0.957269012928009,-0.042201001197099686,0,-0.2065349966287613,9.248311042785645,0,1,0.9464139938354492,0.2818340063095093,0.1577029973268509,0,-0.3070259988307953,0.6337010264396667,0.7100409865379333,0,0.10017699748277664,-0.7204110026359558,0.686273992061615,0,-0.2367130070924759,5.1582818031311035,0,1,-0.018998999148607254,0.0011609999928623438,0.9998189806938171,0,-0.9997919797897339,0.007414000108838081,-0.0190069992095232,0,-0.0074350000359117985,-0.9999719858169556,0.001019999966956675,0,-12.931761741638184,13.368457794189453,-0.08627299964427948,1,0.730571985244751,-0.5425119996070862,-0.41466400027275085,0,0.6641730070114136,0.4235660135746002,0.616008996963501,0,-0.15855500102043152,-0.7254469990730286,0.6697670221328735,0,0,26.221097946166992,0,1,0.008558000437915325,-0.13392099738121033,-0.9909549951553345,0,0.9831609725952148,-0.17977699637413025,0.03278699889779091,0,-0.18254199624061584,-0.9745489954948425,0.13012799620628357,0,0,16.070491790771484,0,1,-0.17812000215053558,-0.3634890019893646,0.9144120216369629,0,0.05106300115585327,0.9246060252189636,0.37748798727989197,0,-0.982683002948761,0.11393100023269653,-0.14612999558448792,0,0,23.006677627563477,0,1,0.9687049984931946,-0.24781100451946259,-0.014140999875962734,0,0.16597500443458557,0.6043379902839661,0.7792479991912842,0,-0.18456099927425385,-0.7572090029716492,0.6265559792518616,0,4.856080055236816,5.508211135864258,0.000003000000106112566,1,0.09487199783325195,0.7795190215110779,0.6191520094871521,0,-0.8990579843521118,-0.19995200634002686,0.38950398564338684,0,0.4274260103702545,-0.5936070084571838,0.681863009929657,0,0.11964300274848938,5.873307228088379,0,1,0.9029650092124939,0.42679598927497864,0.050005000084638596,0,-0.406700998544693,0.8112289905548096,0.4201219975948334,0,0.13874000310897827,-0.39969199895858765,0.9060890078544617,0,0.5851889848709106,6.872167110443115,0,1,0.9349520206451416,-0.24042199552059174,-0.260888010263443,0,0.23028400540351868,-0.14813099801540375,0.9617829918861389,0,-0.269879013299942,-0.9592990279197693,-0.08313000202178955,0,0,11.272738456726074,0.16046999394893646,1,0.9513440132141113,-0.24321700632572174,-0.18918399512767792,0,0.15843799710273743,-0.14047299325466156,0.9773250222206116,0,-0.26427701115608215,-0.9597460031509399,-0.09510300308465958,0,-0.01638299971818924,8.495157241821289,0,1,0.925815999507904,-0.332846999168396,-0.17910000681877136,0,0.35298600792884827,0.5919600129127502,0.7245579957962036,0,-0.13514700531959534,-0.7340270280838013,0.6655369997024536,0,0.6223239898681641,6.868310928344727,0,1,-0.5441769957542419,-0.6092060208320618,0.5768349766731262,0,0.8176090121269226,-0.23092199862003326,0.5274379849433899,0,-0.18811500072479248,0.7586449980735779,0.6237549781799316,0,15.206181526184082,-5.639214038848877,0.4854309856891632,1,0.9519010186195374,-0.24941299855709076,-0.17798000574111938,0,-0.06294099986553192,0.40931299328804016,-0.9102200269699097,0,0.29987001419067383,0.8776419758796692,0.3739280104637146,0,0,25.565828323364258,0,1,0.7710689902305603,-0.5106189846992493,-0.3804210126399994,0,0.58747398853302,0.3400300145149231,0.7343389987945557,0,-0.2456129938364029,-0.789713978767395,0.5621619820594788,0,0,19.34305763244629,0,1,0.9999420046806335,0,-0.010773999616503716,0,0.008108999580144882,0.6584540009498596,0.752577006816864,0,0.0070940000005066395,-0.7526209950447083,0.6584159731864929,0,0,12.453317642211914,0,1,-0.7045249938964844,0.5975559949874878,-0.38284599781036377,0,-0.7079309821128845,-0.6295940279960632,0.3200699985027313,0,-0.04977799952030182,0.49652600288391113,0.8665930032730103,0,-15.206181526184082,-5.639214038848877,-0.017153000459074974,1,0.9389520287513733,0.22056500613689423,0.26404500007629395,0,0.1590059995651245,0.40238499641418457,-0.9015560150146484,0,-0.3050999939441681,0.8885030150413513,0.3427489995956421,0,0,25.640430450439453,0,1,0.7697950005531311,0.5905060172080994,0.24231800436973572,0,-0.3092530071735382,0.012942999601364136,0.9508919715881348,0,0.5583710074424744,-0.8069300055503845,0.1925790011882782,0,0,19.428544998168945,0,1,0.9999499917030334,0,0.009971000254154205,0,-0.007348999846726656,0.6758880019187927,0.7369679808616638,0,-0.00674000009894371,-0.7370039820671082,0.6758549809455872,0,0,12.713443756103516,0,1
K0.033,0.6213219165802002,-0.07814598083496094,0.779649019241333,0,-0.0018221696373075247,0.9948670268058777,0.10117010027170181,0,-0.7835530042648315,-0.0642801970243454,0.6179909110069275,0,-1.4021358489990234,40.70350646972656,0.5000455379486084,1,0.9992560148239136,0.03738793730735779,-0.009430010803043842,0,-0.03669293597340584,0.9971830248832703,0.0654139593243599,0,0.01184900663793087,-0.06501896679401398,0.9978139996528625,0,0,10.15488052368164,-0.29943200945854187,1,0.9988120198249817,0.04765091836452484,-0.010152031667530537,0,-0.04480591416358948,0.9802299737930298,0.19272294640541077,0,0.01913401298224926,-0.19203993678092957,0.9812009930610657,0,0,11.852499961853027,0,1,0.9987879991531372,0.04776391386985779,-0.011889029294252396,0,-0.04458491504192352,0.980256974697113,0.1926359385251999,0,0.020856009796261787,-0.19187194108963013,0.9811980128288269,0,0,13.54572582244873,0,1,0.9948189854621887,0.015661027282476425,-0.10044696182012558,0,-0.015588025562465191,0.9998769760131836,0.0015050397487357259,0,0.10045796632766724,0.00006896237755427137,0.994940996170044,0,0,15.238935470581055,0,1,0.7536731362342834,-0.3844919502735138,-0.5330508947372437,0,0.3739239573478699,0.9178230166435242,-0.13334394991397858,0,0.5405158996582031,-0.09882296621799469,0.8355090618133545,0,0,6.069733142852783,0.0718419998884201,1,-0.08324001729488373,0.005376989487558603,-0.9965149760246277,0,0.9774850010871887,-0.19412386417388916,-0.08269801735877991,0,-0.19389186799526215,-0.9809619784355164,0.010902001522481441,0,12.931761741638184,13.36662483215332,-0.024089999496936798,1,0.8094320893287659,-0.042672231793403625,0.5856609344482422,0,-0.35181963443756104,0.7632891535758972,0.5418599247932434,0,-0.4701511859893799,-0.6446456909179688,0.6028181314468384,0,0,26.221097946166992,0,1,0.0599069781601429,0.17600500583648682,0.9825649857521057,0,-0.9894229769706726,0.14074687659740448,0.03511299937963486,0,-0.13211287558078766,-0.9742749929428101,0.18257500231266022,0,0,16.07257843017578,0,1,-0.020386850461363792,0.37872007489204407,-0.9252869486808777,0,0.19708013534545898,0.908842921257019,0.36764708161354065,0,0.9801750183105469,-0.1748601794242859,-0.09316693246364594,0,0,23.019641876220703,0,1,0.6907809972763062,0.7070209980010986,-0.1514730006456375,0,-0.5421839952468872,0.645084023475647,0.5384269952774048,0,0.47839200496673584,-0.289808988571167,0.8289459943771362,0,-5.102105140686035,5.694654941558838,0,1,0.32409900426864624,-0.669842004776001,-0.6680349707603455,0,0.7368720173835754,-0.2641009986400604,0.622310996055603,0,-0.5932790040969849,-0.6939470171928406,0.40799298882484436,0,-0.2425439953804016,6.111946105957031,0,1,0.9314420223236084,-0.3553769886493683,0.07824499905109406,0,0.2559390068054199,0.79264897108078,0.5533559918403625,0,-0.25867000222206116,-0.4953930079936981,0.8292620182037354,0,-0.6389309763908386,6.818601131439209,0,1,0.9416900277137756,0.2418539971113205,0.23393599689006805,0,-0.1882680058479309,-0.1975110024213791,0.9620519876480103,0,0.2788819968700409,-0.9499980211257935,-0.1404609978199005,0,0,12.069541931152344,0.2830030024051666,1,0.9369620084762573,0.2702690064907074,0.22148999571800232,0,-0.20061899721622467,-0.10290999710559845,0.974249005317688,0,0.2861030101776123,-0.957269012928009,-0.04220199957489967,0,-0.2065349966287613,9.248311042785645,0,1,0.9464139938354492,0.2818340063095093,0.1577029973268509,0,-0.3070259988307953,0.6337010264396667,0.7100409865379333,0,0.10017699748277664,-0.7204110026359558,0.686273992061615,0,-0.2367130070924759,5.1582818031311035,0,1,-0.018493009731173515,0.0008860045345500112,0.9998289942741394,0,-0.9998250007629395,0.0028830694500356913,-0.018496010452508926,0,-0.0028990693390369415,-0.9999949932098389,0.000833003141451627,0,-12.931761741638184,13.368457794189453,-0.08627299964427948,1,0.7674912214279175,-0.5281717777252197,-0.3633067309856415,0,0.6224867105484009,0.4785903990268707,0.6192420125007629,0,-0.15319086611270905,-0.7014169096946716,0.6960940957069397,0,0,26.221097946166992,0,1,0.007327984552830458,-0.1336909979581833,-0.9909960031509399,0,0.9814670085906982,-0.1888161152601242,0.03272999823093414,0,-0.19149111211299896,-0.9728699922561646,0.129830002784729,0,0,16.070491790771484,0,1,-0.1809779703617096,-0.367948055267334,0.9120640158653259,0,0.05044202134013176,0.9226840138435364,0.3822420537471771,0,-0.9821929931640625,0.11518401652574539,-0.14842495322227478,0,0,23.006677627563477,0,1,0.9687049984931946,-0.24781100451946259,-0.014140999875962734,0,0.16597500443458557,0.6043379902839661,0.7792479991912842,0,-0.18456000089645386,-0.7572090029716492,0.6265559792518616,0,4.856080055236816,5.508211135864258,0.000003000000106112566,1,0.09487300366163254,0.7795190215110779,0.6191520094871521,0,-0.8990579843521118,-0.19995200634002686,0.38950398564338684,0,0.4274260103702545,-0.593608021736145,0.681863009929657,0,0.11964300274848938,5.873307228088379,0,1,0.9029650092124939,0.42679598927497864,0.050005000084638596,0,-0.4067020118236542,0.8112279772758484,0.4201219975948334,0,0.13874100148677826,-0.39969199895858765,0.9060890078544617,0,0.5851889848709106,6.872167110443115,0,1,0.9349520206451416,-0.24042099714279175,-0.2608889937400818,0,0.23028400540351868,-0.14813099801540375,0.9617829918861389,0,-0.269879013299942,-0.9592990279197693,-0.08313000202178955,0,0,11.272738456726074,0.16046999394893646,1,0.9513440132141113,-0.24321700632572174,-0.18918299674987793,0,0.15843799710273743,-0.14047199487686157,0.9773250222206116,0,-0.26427701115608215,-0.9597460031509399,-0.09510300308465958,0,-0.01638299971818924,8.495157241821289,0,1,0.925815999507904,-0.332846999168396,-0.17910000681877136,0,0.35298600792884827,0.5919600129127502,0.7245579957962036,0,-0.13514700531959534,-0.7340270280838013,0.6655369997024536,0,0.6223239898681641,6.868310928344727,0,1,-0.5600651502609253,-0.6030258536338806,0.5680549144744873,0,0.8107659220695496,-0.258057177066803,0.5254190564155579,0,-0.17025087773799896,0.7548289895057678,0.6334409713745117,0,15.206181526184082,-5.639214038848877,0.4854309856891632,1,0.9529330134391785,-0.24582797288894653,-0.17744699120521545,0,-0.059256959706544876,0.42297711968421936,-0.9042009115219116,0,0.2973329722881317,0.8721579313278198,0.3885021507740021,0,0,25.565828323364258,0,1,0.7824501395225525,-0.5077049732208252,-0.36056479811668396,0,0.5662588477134705,0.33920201659202576,0.7511941194534302,0,-0.25908011198043823,-0.7919459939002991,0.5529009699821472,0,0,19.34305763244629,0,1,0.9999420046806335,0,-0.010773999616503716,0,0.008108999580144882,0.6584540009498596,0.752577006816864,0,0.0070940000005066395,-0.7526209950447083,0.6584159731864929,0,0,12.453317642211914,0,1,-0.711279034614563,0.5870038866996765,-0.3866640329360962,0,-0.7007009387016296,-0.635701060295105,0.32388705015182495,0,-0.055680051445961,0.5013090372085571,0.86347496509552,0,-15.206181526184082,-5.639214038848877,-0.017153000459074974,1,0.9422630071640015,0.19419875741004944,0.2728120684623718,0,0.16200502216815948,0.4486404359340668,-0.8789057731628418,0,-0.29307690262794495,0.8723578453063965,0.391276478767395,0,0,25.640430450439453,0,1,0.7681519985198975,0.6003660559654236,0.22249075770378113,0,-0.31592801213264465,0.053162384778261185,0.9472929239273071,0,0.5568940043449402,-0.7979559302330017,0.23050932586193085,0,0,19.428544998168945,0,1,0.9999499917030334,0,0.009971000254154205,0,-0.007348999846726656,0.6758890151977539,0.7369670271873474,0,-0.00674000009894371,-0.7370039820671082,0.6758549809455872,0,0,12.713443756103516,0,1
K0.067,0.6181430816650391,-0.07578402012586594,0.7824040055274963,0,-0.018772833049297333,0.9936349987983704,0.11107590049505234,0,-0.7858409881591797,-0.08334881067276001,0.612786054611206,0,-1.187420129776001,41.3768196105957,0.7587284445762634,1,0.9994590282440186,0.03114706091582775,-0.010571989230811596,0,-0.030433060601353645,0.9976099729537964,0.06203603371977806,0,0.012478993274271488,-0.06168103218078613,0.9980180263519287,0,0,10.15488052368164,-0.29943200945854187,1,0.9991390109062195,0.03929608315229416,-0.013290969654917717,0,-0.036141086369752884,0.9818620085716248,0.18612205982208252,0,0.020363986492156982,-0.18548205494880676,0.982437014579773,0,0,11.852499961853027,0,1,0.9991160035133362,0.039370082318782806,-0.014756971038877964,0,-0.03594408556818962,0.9818879961967468,0.1860230565071106,0,0.021812990307807922,-0.18532806634902954,0.9824349880218506,0,0,13.54572582244873,0,1,0.9951390027999878,0.018539972603321075,-0.0967230349779129,0,-0.01809597574174404,0.9998210072517395,0.005467960610985756,0,0.09680704027414322,-0.0036909624468535185,0.9952960014343262,0,0,15.238935470581055,0,1,0.763218879699707,-0.3795510530471802,-0.5229121446609497,0,0.3696030378341675,0.920261025428772,-0.12850604951381683,0,0.5299901366233826,-0.09519203752279282,0.8426439166069031,0,0,6.069733142852783,0.0718419998884201,1,-0.08482098579406738,0.004317010752856731,-0.9963870048522949,0,0.9798610210418701,-0.18106113374233246,-0.0841989815235138,0,-0.1807701289653778,-0.9834619760513306,0.011126997880637646,0,12.931761741638184,13.36662483215332,-0.024089999496936798,1,0.8129669427871704,-0.0659087672829628,0.5785680413246155,0,-0.31672435998916626,0.7837028503417969,0.5343180298805237,0,-0.4886418282985687,-0.6176292896270752,0.6162489056587219,0,0,26.221097946166992,0,1,0.057691022753715515,0.17630599439144135,0.9826430082321167,0,-0.9911149740219116,0.1282741129398346,0.035172998905181885,0,-0.1198471188545227,-0.9759420156478882,0.18213999271392822,0,0,16.07257843017578,0,1,-0.0054581486620008945,0.38694989681243896,-0.9220850467681885,0,0.21120086312294006,0.9017440676689148,0.37716391682624817,0,0.9774270057678223,-0.19268682599067688,-0.08664606511592865,0,0,23.019641876220703,0,1,0.6907809972763062,0.7070209980010986,-0.1514730006456375,0,-0.5421839952468872,0.6450830101966858,0.5384269952774048,0,0.47839099168777466,-0.289808988571167,0.8289470076560974,0,-5.102105140686035,5.694654941558838,0,1,0.32409900426864624,-0.6698430180549622,-0.6680349707603455,0,0.7368720173835754,-0.26409998536109924,0.622310996055603,0,-0.5932790040969849,-0.6939470171928406,0.40799400210380554,0,-0.2425439953804016,6.111946105957031,0,1,0.9314420223236084,-0.3553769886493683,0.07824499905109406,0,0.2559390068054199,0.79264897108078,0.5533559918403625,0,-0.25867000222206116,-0.4953930079936981,0.8292620182037354,0,-0.6389309763908386,6.818601131439209,0,1,0.9416900277137756,0.24185499548912048,0.23393599689006805,0,-0.1882680058479309,-0.1975110024213791,0.9620519876480103,0,0.2788819968700409,-0.9499980211257935,-0.1404609978199005,0,0,12.069541931152344,0.2830030024051666,1,0.9369609951972961,0.2702690064907074,0.22148999571800232,0,-0.20061999559402466,-0.10290999710559845,0.974249005317688,0,0.2861030101776123,-0.957269012928009,-0.042201001197099686,0,-0.2065349966287613,9.248311042785645,0,1,0.9464139938354492,0.2818340063095093,0.1577029973268509,0,-0.3070259988307953,0.6337010264396667,0.7100409865379333,0,0.10017699748277664,-0.7204110026359558,0.686273992061615,0,-0.2367130070924759,5.1582818031311035,0,1,-0.0195159912109375,0.0013419954339042306,0.9998090267181396,0,-0.9997609853744507,0.00981593132019043,-0.019527988508343697,0,-0.009840930812060833,-0.9999510049819946,0.0011499968823045492,0,-12.931761741638184,13.368457794189453,-0.08627299964427948,1,0.7938167452812195,-0.5065322518348694,-0.33657127618789673,0,0.5920143127441406,0.516952633857727,0.6182870268821716,0,-0.13919013738632202,-0.690061092376709,0.7102398872375488,0,0,26.221097946166992,0,1,0.005781015381217003,-0.13338400423526764,-0.9910479784011841,0,0.9792129993438721,-0.20018987357616425,0.03265500068664551,0,-0.20275288820266724,-0.9706349968910217,0.12945400178432465,0,0,16.070491790771484,0,1,-0.17771703004837036,-0.37246495485305786,0.9108710289001465,0,0.052778977900743484,0.920665979385376,0.3867679536342621,0,-0.9826650023460388,0.11680998653173447,-0.14395904541015625,0,0,23.006677627563477,0,1,0.9687049984931946,-0.24781100451946259,-0.014140999875962734,0,0.16597500443458557,0.6043379902839661,0.7792479991912842,0,-0.18456000089645386,-0.7572090029716492,0.6265559792518616,0,4.856080055236816,5.508211135864258,0.000003000000106112566,1,0.09487199783325195,0.7795190215110779,0.6191520094871521,0,-0.8990579843521118,-0.19995200634002686,0.38950398564338684,0,0.4274260103702545,-0.5936070084571838,0.681863009929657,0,0.11964300274848938,5.873307228088379,0,1,0.9029650092124939,0.42679500579833984,0.050005000084638596,0,-0.406700998544693,0.8112289905548096,0.4201219975948334,0,0.13874100148677826,-0.39969199895858765,0.9060890078544617,0,0.5851889848709106,6.872167110443115,0,1,0.9349520206451416,-0.24042099714279175,-0.2608889937400818,0,0.23028400540351868,-0.14813099801540375,0.9617829918861389,0,-0.269879013299942,-0.9592990279197693,-0.08313000202178955,0,0,11.272738456726074,0.16046999394893646,1,0.9513440132141113,-0.24321599304676056,-0.18918299674987793,0,0.15843699872493744,-0.14047199487686157,0.977325975894928,0,-0.26427701115608215,-0.9597460031509399,-0.09510300308465958,0,-0.01638299971818924,8.495157241821289,0,1,0.925815999507904,-0.332846999168396,-0.17910000681877136,0,0.35298600792884827,0.5919600129127502,0.7245579957962036,0,-0.13514700531959534,-0.7340270280838013,0.6655369997024536,0,0.6223239898681641,6.868310928344727,0,1,-0.5761398077011108,-0.5929051041603088,0.5626070499420166,0,0.8018350601196289,-0.27651482820510864,0.529716968536377,0,-0.15850311517715454,0.7563089728355408,0.6347230076789856,0,15.206181526184082,-5.639214038848877,0.4854309856891632,1,0.9540889859199524,-0.2423720359802246,-0.17598101496696472,0,-0.05504804104566574,0.4356388747692108,-0.8984370827674866,0,0.2944200336933136,0.8668760657310486,0.402295857667923,0,0,25.565828323364258,0,1,0.7930929064750671,-0.5056830048561096,-0.3395411968231201,0,0.5457831621170044,0.3425079584121704,0.7647278904914856,0,-0.270413875579834,-0.791815996170044,0.5476340651512146,0,0,19.34305763244629,0,1,0.9999420046806335,0,-0.010774999856948853,0,0.008108999580144882,0.6584540009498596,0.752577006816864,0,0.007094999775290489,-0.7526209950447083,0.6584159731864929,0,0,12.453317642211914,0,1,-0.7190659642219543,0.5749261379241943,-0.39038997888565063,0,-0.6922780871391296,-0.6417379379272461,0.33003392815589905,0,-0.06078294664621353,0.5075749158859253,0.8594610691070557,0,-15.206181526184082,-5.639214038848877,-0.017153000459074974,1,0.945110023021698,0.17044323682785034,0.2787759304046631,0,0.16330298781394958,0.4925905466079712,-0.8548022508621216,0,-0.283017098903656,0.8534072041511536,0.43771854043006897,0,0,25.640430450439453,0,1,0.7691119909286499,0.6073749661445618,0.1989012360572815,0,-0.3164379894733429,0.0915016233921051,0.9441900849342346,0,0.5552780032157898,-0.7891280651092529,0.26257166266441345,0,0,19.428544998168945,0,1,0.9999499917030334,0,0.009971999563276768,0,-0.007350000087171793,0.6758890151977539,0.7369670271873474,0,-0.00674000009894371,-0.7370039820671082,0.6758549809455872,0,0,12.713443756103516,0,1
K0.100,0.6173670291900635,-0.07531099766492844,0.7830619812011719,0,-0.0345739983022213,0.9918479919433594,0.12264800071716309,0,-0.7859150171279907,-0.10279200226068497,0.6097310185432434,0,-0.9429939985275269,41.83932876586914,0.9529320001602173,1,0.9995790123939514,0.026287000626325607,-0.012253000400960445,0,-0.02551800012588501,0.9979220032691956,0.059165000915527344,0,0.013783000409603119,-0.058827999979257584,0.9981729984283447,0,0,10.15488052368164,-0.29943200945854187,1,0.9993209838867188,0.03263799846172333,-0.01711999997496605,0,-0.02901500090956688,0.9831269979476929,0.1806109994649887,0,0.022725999355316162,-0.17999200522899628,0.9834060072898865,0,0,11.852499961853027,0,1,0.999297022819519,0.03267500177025795,-0.018401000648736954,0,-0.02882399968802929,0.9831529855728149,0.18049700558185577,0,0.0239889994263649,-0.17983900010585785,0.9834030270576477,0,0,13.54572582244873,0,1,0.9954109787940979,0.018780000507831573,-0.0938280001282692,0,-0.018492000177502632,0.9998210072517395,0.003938000183552504,0,0.09388600289821625,-0.002185000106692314,0.9955809712409973,0,0,15.238935470581055,0,1,0.7721400260925293,-0.38064101338386536,-0.5088350176811218,0,0.3648959994316101,0.9211549758911133,-0.13536499440670013,0,0.5202410221099854,-0.08115100115537643,0.8501549959182739,0,0,6.069733142852783,0.0718419998884201,1,-0.08624699711799622,0.0030400000978261232,-0.9962689876556396,0,0.9825180172920227,-0.16534100472927094,-0.08556099981069565,0,-0.16498400270938873,-0.9862319827079773,0.01127300038933754,0,12.931761741638184,13.36662483215332,-0.024089999496936798,1,0.799127995967865,-0.07767000049352646,0.5961220264434814,0,-0.31235700845718384,0.7936090230941772,0.5221289992332458,0,-0.5136409997940063,-0.6034510135650635,0.6099349856376648,0,0,26.221097946166992,0,1,0.056873999536037445,0.1764100044965744,0.9826719760894775,0,-0.9916989803314209,0.12367399781942368,0.035193998366594315,0,-0.11532200127840042,-0.9765160083770752,0.1819790005683899,0,0,16.07257843017578,0,1,-0.003025999991223216,0.39949899911880493,-0.9167280197143555,0,0.21690599620342255,0.8951699733734131,0.38938799500465393,0,0.9761880040168762,-0.1976650059223175,-0.08936300128698349,0,0,23.019641876220703,0,1,0.6907809972763062,0.7070209980010986,-0.1514730006456375,0,-0.5421839952468872,0.6450830101966858,0.5384269952774048,0,0.47839200496673584,-0.289808988571167,0.8289470076560974,0,-5.102105140686035,5.694654941558838,0,1,0.32409900426864624,-0.6698430180549622,-0.6680349707603455,0,0.7368720173835754,-0.26409998536109924,0.622310996055603,0,-0.5932790040969849,-0.6939460039138794,0.40799400210380554,0,-0.2425439953804016,6.111946105957031,0,1,0.9314420223236084,-0.35537800192832947,0.07824499905109406,0,0.2559390068054199,0.79264897108078,0.5533559918403625,0,-0.25867098569869995,-0.4953930079936981,0.8292620182037354,0,-0.6389309763908386,6.818601131439209,0,1,0.9416900277137756,0.2418539971113205,0.23393599689006805,0,-0.1882680058479309,-0.1975110024213791,0.9620519876480103,0,0.2788819968700409,-0.9499980211257935,-0.1404609978199005,0,0,12.069541931152344,0.2830030024051666,1,0.9369609951972961,0.2702690064907074,0.22148999571800232,0,-0.20061999559402466,-0.10290999710559845,0.974249005317688,0,0.2861030101776123,-0.957269012928009,-0.04220199957489967,0,-0.2065349966287613,9.248311042785645,0,1,0.9464139938354492,0.2818340063095093,0.1577029973268509,0,-0.3070259988307953,0.6337010264396667,0.7100399732589722,0,0.10017699748277664,-0.7204110026359558,0.686273992061615,0,-0.2367130070924759,5.1582818031311035,0,1,-0.021139999851584435,0.002247000113129616,0.9997739791870117,0,-0.9994779825210571,0.024379000067710876,-0.021189000457525253,0,-0.024421000853180885,-0.9997000098228455,0.0017300000181421638,0,-12.931761741638184,13.368457794189453,-0.08627299964427948,1,0.8072159886360168,-0.48308899998664856,-0.33915698528289795,0,0.5789440274238586,0.5360429883003235,0.6143959760665894,0,-0.1150050014257431,-0.6923030018806458,0.7123839855194092,0,0,26.221097946166992,0,1,0.004151000175625086,-0.13303999602794647,-0.9911019802093506,0,0.9766899943351746,-0.21217000484466553,0.03257099911570549,0,-0.21461500227451324,-0.9681339859962463,0.12905800342559814,0,0,16.070491790771484,0,1,-0.16565300524234772,-0.37426498532295227,0.9124060273170471,0,0.0513870008289814,0.9206560254096985,0.38697800040245056,0,-0.9848440289497375,0.1109900027513504,-0.13327699899673462,0,0,23.006677627563477,0,1,0.9687049984931946,-0.24781100451946259,-0.014140999875962734,0,0.16597500443458557,0.6043379902839661,0.7792479991912842,0,-0.18456000089645386,-0.7572090029716492,0.6265559792518616,0,4.856080055236816,5.508211135864258,0.000003000000106112566,1,0.09487300366163254,0.7795190215110779,0.6191520094871521,0,-0.8990579843521118,-0.19995200634002686,0.38950398564338684,0,0.4274260103702545,-0.5936070084571838,0.681863009929657,0,0.11964300274848938,5.873307228088379,0,1,0.9029650092124939,0.42679500579833984,0.050005000084638596,0,-0.406700998544693,0.8112279772758484,0.4201219975948334,0,0.13874000310897827,-0.39969199895858765,0.9060890078544617,0,0.5851889848709106,6.872167110443115,0,1,0.9349520206451416,-0.24042099714279175,-0.260888010263443,0,0.23028400540351868,-0.14813099801540375,0.9617829918861389,0,-0.269879013299942,-0.9592990279197693,-0.08313000202178955,0,0,11.272738456726074,0.16046999394893646,1,0.9513440132141113,-0.24321700632572174,-0.18918299674987793,0,0.15843699872493744,-0.14047199487686157,0.977325975894928,0,-0.26427701115608215,-0.9597470164299011,-0.09510199725627899,0,-0.01638299971818924,8.495157241821289,0,1,0.925815999507904,-0.332846999168396,-0.17910000681877136,0,0.35298600792884827,0.5919600129127502,0.7245579957962036,0,-0.13514700531959534,-0.7340279817581177,0.6655359864234924,0,0.6223239898681641,6.868310928344727,0,1,-0.5887709856033325,-0.5815719962120056,0.5613570213317871,0,0.7932509779930115,-0.28234899044036865,0.5394729971885681,0,-0.15524399280548096,0.7629240155220032,0.6275720000267029,0,15.206181526184082,-5.639214038848877,0.4854309856891632,1,0.9549779891967773,-0.2410849928855896,-0.17290300130844116,0,-0.050926998257637024,0.4409349858760834,-0.8960930109024048,0,0.29227399826049805,0.8645550012588501,0.4088050127029419,0,0,25.565828323364258,0,1,0.8019999861717224,-0.5028120279312134,-0.3224549889564514,0,0.529233992099762,0.3478409945964813,0.7738980054855347,0,-0.276962012052536,-0.7913200259208679,0.5450739860534668,0,0,19.34305763244629,0,1,0.9999420046806335,0,-0.010773999616503716,0,0.008108999580144882,0.6584540009498596,0.752577006816864,0,0.0070940000005066395,-0.7526209950447083,0.6584159731864929,0,0,12.453317642211914,0,1,-0.725167989730835,0.5647640228271484,-0.3939189910888672,0,-0.6855980157852173,-0.6453199982643127,0.3369230031967163,0,-0.06392200291156769,0.5143960118293762,0.8551669716835022,0,-15.206181526184082,-5.639214038848877,-0.017153000459074974,1,0.9485570192337036,0.14972899854183197,0.27896299958229065,0,0.16221299767494202,0.5268359780311584,-0.8343449831008911,0,-0.2718929946422577,0.8366749882698059,0.4754459857940674,0,0,25.640430450439453,0,1,0.7688930034637451,0.613273024559021,0.1808300018310547,0,-0.31848400831222534,0.12212199717760086,0.9400290250778198,0,0.554410994052887,-0.7803729772567749,0.2892169952392578,0,0,19.428544998168945,0,1,0.9999520182609558,0.0002249999815830961,0.009762999601662159,0,-0.007348999846726656,0.6757060289382935,0.7371339797973633,0,-0.006430999841541052,-0.7371709942817688,0.6756759881973267,0,0,12.713443756103516,0,1
