1.500,30,45,41
B0,mixamorig_Hips,-1,0.9924649596214294,-0.0419570617377758,0.10137124359607697,0,0.05176040902733803,0.993066668510437,-0.10375413298606873,0,-0.09647614508867264,0.10887018591165543,0.9878112077713013,0,-0.9553154110908508,53.12321472167969,8.231454849243164,1
B1,mixamorig_Spine,0,0.9986693263053894,0.016728779301047325,-0.0473187118768692,0,-0.01775442436337471,0.9995482563972473,-0.02135671302676201,0,0.04695045202970505,0.02220531366765499,0.9986457228660583,0,0,10.15488052368164,-0.29943200945854187,1
B2,mixamorig_Spine1,1,0.9957749843597412,0.02625214494764805,-0.08712288737297058,0,-0.024890759959816933,0.9995339512825012,0.016542909666895866,0,0.0875258594751358,-0.014238704927265644,0.9960018396377563,0,0,11.852499961853027,0,1
B3,mixamorig_Spine2,2,0.9957730174064636,0.02623032033443451,-0.08714278787374496,0,-0.024880684912204742,0.9995357394218445,0.016425607725977898,0,0.08754163980484009,-0.014121640473604202,0.9960022568702698,0,0,13.54572582244873,0,1
B4,mixamorig_Neck,3,0.9929308295249939,-0.117708720266819,-0.013342620804905891,0,0.11843003332614899,0.9878394603729248,0.10030732303857803,0,0.001413159305229783,-0.10121088474988937,0.9948356747627258,0,0,15.238935470581055,0,1
B5,mixamorig_Head,4,0.9774138927459717,0.1425553858280182,0.1538938283920288,0,-0.12767364084720612,0.9863010048866272,-0.1031605452299118,0,-0.16644369065761566,0.08089479804039001,0.9825184941291809,0,0,6.069733142852783,0.0718419998884201,1
B6,mixamorig_HeadTop_End,5,1,0,0,0,0,1,0,0,0,0,1,0,0,77.56666564941406,0.9180859923362732,1
B7,mixamorig_LeftShoulder,3,0.07863876968622208,0.04180561751127243,-0.9958993792533875,0,0.9532855153083801,-0.2951025664806366,0.06289968639612198,0,-0.29122596979141235,-0.9545457363128662,-0.06303887069225311,0,12.931761741638184,13.36662483215332,-0.024089999496936798,1
B8,mixamorig_LeftArm,7,0.9513200521469116,0.1749633401632309,-0.25173768401145935,0,0.16717493534088135,0.3942752182483673,0.902580976486206,0,0.25822684168815613,-0.9008660912513733,0.34625300765037537,0,0,26.221097946166992,0,1
B9,mixamorig_LeftForeArm,8,0.07738590985536575,0.17261086404323578,0.9819439053535461,0,-0.9703422784805298,0.2391282618045807,0.03443600609898567,0,-0.22886569797992706,-0.9554874300956726,0.18600909411907196,0,0,16.07257843017578,0,1
B10,mixamorig_LeftHand,9,-0.09462488442659378,-0.023560913279652596,-0.9952330589294434,0,-0.08195365965366364,0.9964329600334167,-0.015777375549077988,0,0.9920539259910583,0.0800686702132225,-0.09622588753700256,0,0,23.019641876220703,0,1
B11,mixamorig_LeftHandThumb1,10,0.8748279809951782,0.4820069968700409,-0.048427000641822815,0,-0.4617955684661865,0.8599709868431091,0.2172430008649826,0,0.14635799825191498,-0.16768699884414673,0.9749159812927246,0,-5.102105140686035,5.694654941558838,9.999999974752427e-7,1
B12,mixamorig_LeftHandThumb2,11,0.9809749722480774,-0.1937820017337799,0.011723412200808525,0,0.19253100454807281,0.9788380265235901,0.06934499740600586,0,-0.02491299994289875,-0.06576800346374512,0.9975240230560303,0,-0.2425439953804016,6.111946105957031,0,1
B13,mixamorig_LeftHandThumb3,12,0.9661189913749695,0.25762200355529785,0.01567400060594082,0,-0.2569490075111389,0.9657660126686096,-0.03569699823856354,0,-0.024334000423550606,0.030460000038146973,0.999239981174469,0,-0.6389309763908386,6.818601131439209,0,1
B14,mixamorig_LeftHandThumb4,13,1,0,0,0,0,1,0,0,0,0,1,0,0.8814749717712402,4.155628204345703,0,1
B15,mixamorig_LeftHandIndex1,10,0.9991179704666138,-0.02148200012743473,-0.03608499839901924,0,0.022307999432086945,0.9994950294494629,0.022641999647021294,0,0.03558000177145004,-0.023427000269293785,0.9990919828414917,0,0,12.069541931152344,0.2830030024051666,1
B16,mixamorig_LeftHandIndex2,15,0.9997220039367676,-0.023528000339865685,0.0014059999957680702,0,0.023528000339865685,0.9997230172157288,0.00006500000017695129,0,-0.0014070000033825636,-0.00003199999991920777,0.9999989867210388,0,-0.2065349966287613,9.248311042785645,0,1
B17,mixamorig_LeftHandIndex3,16,0.989691972732544,0.14266300201416016,0.012494999915361404,0,-0.142658993601799,0.9897710084915161,-0.001218999968841672,0,-0.012540999799966812,-0.0005760000203736126,0.9999210238456726,0,-0.2367130070924759,5.1582818031311035,0,1
B18,mixamorig_LeftHandIndex4,17,1,0,0,0,0,1,0,0,0,0,1,0,0.4432480037212372,4.540596961975098,0,1
B19,mixamorig_RightShoulder,3,0.16499733924865723,-0.05020661652088165,0.9847490191459656,0,-0.9530124068260193,-0.26454487442970276,0.14617688953876495,0,0.2530674636363983,-0.9630507230758667,-0.09153185784816742,0,-12.931761741638184,13.368457794189453,-0.08627299964427948,1
B20,mixamorig_RightArm,19,0.3847924768924713,-0.6509256958961487,-0.6542633771896362,0,0.9215970039367676,0.2588695287704468,0.2836604714393616,0,-0.015543722547590733,-0.711872398853302,0.6998589634895325,0,0,26.221097946166992,0,1
B21,mixamorig_RightForeArm,20,0.03378111869096756,-0.13611261546611786,-0.9901137948036194,0,0.9992496371269226,0.005600377917289734,0.033323049545288086,0,0.001008021761663258,-0.9904963374137878,0.13624894618988037,0,0,16.070491790771484,0,1
B22,mixamorig_RightHand,21,-0.09564480930566788,-0.013953451998531818,0.9953145980834961,0,0.015991363674402237,0.9997385740280151,0.015562204644083977,0,-0.9952726364135742,0.017402367666363716,-0.0954032614827156,0,0,23.006677627563477,0,1
B23,mixamorig_RightHandThumb1,22,0.8664100170135498,-0.49775800108909607,0.039639998227357864,0,0.4823009967803955,0.8547710180282593,0.1917089968919754,0,-0.12930800020694733,-0.14698000252246857,0.9806510210037231,0,4.856080055236816,5.508211135864258,0.000003000000106112566,1
B24,mixamorig_RightHandThumb2,23,0.9772650003433228,0.21201500296592712,-0.0016919999616220593,0,-0.21109400689601898,0.9737020134925842,0.08569759130477905,0,0.019816000014543533,-0.08339200168848038,0.9963200092315674,0,0.11964300274848938,5.873307228088379,0,1
B25,mixamorig_RightHandThumb3,24,0.9769139885902405,-0.21362000703811646,-0.002248999895527959,0,0.21333900094032288,0.9760730266571045,-0.042055413126945496,0,0.011179412715137005,0.04060500115156174,0.9991130232810974,0,0.5851889848709106,6.872167110443115,0,1
B26,mixamorig_RightHandThumb4,25,1,0,0,0,0,1,0,0,0,0,1,0,-0.7048320174217224,4.946209907531738,0,1
B27,mixamorig_RightHandIndex1,22,0.999862015247345,-0.0021649999544024467,0.01648399978876114,0,0.001930000027641654,0.9998959898948669,0.014268999919295311,0,-0.016512999311089516,-0.014235000126063824,0.9997619986534119,0,0,11.272738456726074,0.16046999394893646,1
B28,mixamorig_RightHandIndex2,27,0.9956669807434082,0.09215699881315231,-0.012449000030755997,0,-0.0921500027179718,0.995743989944458,0.0011289999820291996,0,0.012500000186264515,0.000023412550945067778,0.999921977519989,0,-0.01638299971818924,8.495157241821289,0,1
B29,mixamorig_RightHandIndex3,28,0.9771789908409119,-0.21206599473953247,-0.012194587849080563,0,0.2120629996061325,0.9772549867630005,-0.0015119999879971147,0,0.012237999588251114,-0.001108999946154654,0.9999250173568726,0,0.6223239898681641,6.868310928344727,0,1
B30,mixamorig_RightHandIndex4,29,1,0,0,0,0,1,0,0,0,0,1,0,-0.6059409976005554,4.887612819671631,0,1
B31,mixamorig_LeftUpLeg,0,-0.981773316860199,-0.15054859220981598,0.11213777214288712,0,0.18765988945960999,-0.7869784235954285,0.5869517922401428,0,-0.00035545515129342675,0.5976196527481079,0.8016992807388306,0,15.206181526184082,-5.639214038848877,0.4854309856891632,1
B32,mixamorig_LeftLeg,31,0.9944175481796265,-0.10391143709421158,-0.009909252636134624,0,0.04113803058862686,0.4787209630012512,-0.8769514560699463,0,0.09587004780769348,0.8716468214988708,0.48032519221305847,0,0,25.565828323364258,0,1
B33,mixamorig_LeftFoot,32,0.9733074307441711,0.0403653122484684,-0.21894235908985138,0,0.1677355170249939,0.5087197422981262,0.84376060962677,0,0.14584654569625854,-0.8592724800109863,0.48749682307243347,0,0,19.34305763244629,0,1
B34,mixamorig_LeftToeBase,33,0.9999420046806335,0,-0.010773999616503716,0,0.008108999580144882,0.6584540009498596,0.752577006816864,0,0.0070940000005066395,-0.7526209950447083,0.6584159731864929,0,0,12.453317642211914,9.999999974752427e-7,1
B35,mixamorig_LeftToe_End,34,1,0,0,0,0,1,0,0,0,0,1,0,0,5.1457061767578125,0,1
B36,mixamorig_RightUpLeg,0,-0.9251063466072083,0.3536607027053833,-0.1359013319015503,0,-0.25730597972869873,-0.8496370911598206,-0.45909252762794495,0,-0.278515487909317,-0.38973119854927063,0.8775049448013306,0,-15.206181526184082,-5.639214038848877,-0.017153000459074974,1
B37,mixamorig_RightLeg,36,0.9970352649688721,-0.049577269703149796,-0.056547489017248154,0,0.015061060898005962,0.8730542063713074,-0.48106226325035095,0,0.07390861958265305,0.4786820113658905,0.8713002800941467,0,0,25.640430450439453,0,1
B38,mixamorig_RightFoot,37,0.9615663886070251,0.26712241768836975,-0.003397889668121934,0,-0.10957381129264832,0.40655747056007385,0.9051415920257568,0,0.2441878318786621,-0.8722332119941711,0.42296454310417175,0,0,19.428544998168945,0,1
B39,mixamorig_RightToeBase,38,0.9999756813049316,0.0027526086196303368,0.00258204760029912,0,-0.0030883413273841143,0.3931581377983093,0.9173051118850708,0,0.0014617425622418523,-0.917293131351471,0.39315372705459595,0,0,12.713443756103516,0,1
B40,mixamorig_RightToe_End,39,1,0,0,0,0,1,0,0,0,0,1,0,0,5.145572185516357,0,1
@34,0,1,2,3,4,5,7,8,9,10,11,12,13,15,16,17,19,20,21,22,23,24,25,27,28,29,31,32,33,34,36,37,38,39
K0.000,0.6655200123786926,-0.01729300059378147,0.7461789846420288,0,0.02398199960589409,0.9997109770774841,0.0017790000420063734,0,-0.745993971824646,0.016711000353097916,0.6657419800758362,0,-1.0017019510269165,52.406158447265625,-0.33240601420402527,1,0.9998340010643005,-0.013110999949276447,-0.012656000442802906,0,0.012928999960422516,0.999813973903656,-0.014290000312030315,0,0.012841000221669674,0.014124000445008278,0.9998180270195007,0,0,10.15488052368164,-0.29943200945854187,1,0.9995620250701904,0.01510199997574091,-0.025436999276280403,0,-0.014329999685287476,0.9994400143623352,0.030240999534726143,0,0.02587899938225746,-0.029864000156521797,0.9992190003395081,0,0,11.852499961853027,0,1,0.9995650053024292,0.015106000006198883,-0.025343000888824463,0,-0.014334999956190586,0.9994379878044128,0.030313000082969666,0,0.025786999613046646,-0.02993600070476532,0.9992190003395081,0,0,13.54572582244873,0,1,0.9903720021247864,-0.07122500240802765,-0.11870300024747849,0,0.09378500282764435,0.9759299755096436,0.1968899965286255,0,0.10182200372219086,-0.20612700283527374,0.9732130169868469,0,0,15.238935470581055,0,1,0.8645370006561279,-0.12902699410915375,-0.48572298884391785,0,0.09142100065946579,0.9907320141792297,-0.10045800358057022,0,0.4941839873790741,0.04244399815797806,0.8683210015296936,0,0,6.069733142852783,0.0718419998884201,1,0.11897099763154984,0.04526500031352043,-0.9918649792671204,0,0.9541580080986023,-0.2815299928188324,0.10159999877214432,0,-0.2746410071849823,-0.9584839940071106,-0.07668399810791016,0,12.931761741638184,13.36662483215332,-0.024089999496936798,1,0.7206820249557495,-0.023120999336242676,0.6928799748420715,0,-0.46146100759506226,0.7298650145530701,0.5043330192565918,0,-0.5173689723014832,-0.683201014995575,0.515330970287323,0,0,26.221097946166992,0,1,-0.017431000247597694,0.1698870062828064,0.9853090047836304,0,-0.9550309777259827,-0.2945620119571686,0.033893000334501266,0,0.295991986989975,-0.9404100179672241,0.16738200187683105,0,0,16.07257843017578,0,1,-0.08598499745130539,-0.024793999269604683,-0.9959880113601685,0,-0.08633500337600708,0.9961150288581848,-0.017342999577522278,0,0.9925490021705627,0.08449699729681015,-0.08779100328683853,0,0,23.019641876220703,0,1,0.8748279809951782,0.4820069968700409,-0.048427000641822815,0,-0.46179598569869995,0.8599709868431091,0.2172430008649826,0,0.14635799825191498,-0.16768699884414673,0.9749159812927246,0,-5.102105140686035,5.694654941558838,0,1,0.9809749722480774,-0.1937820017337799,0.01172299962490797,0,0.19253100454807281,0.9788380265235901,0.06934499740600586,0,-0.02491299994289875,-0.06576800346374512,0.9975240230560303,0,-0.2425439953804016,6.111946105957031,0,1,0.9661189913749695,0.25762200355529785,0.01567400060594082,0,-0.2569490075111389,0.9657649993896484,-0.03569699823856354,0,-0.024334000423550606,0.030460000038146973,0.999239981174469,0,-0.6389309763908386,6.818601131439209,0,1,0.9991179704666138,-0.02148200012743473,-0.03608499839901924,0,0.022307999432086945,0.9994950294494629,0.022641999647021294,0,0.03558000177145004,-0.023427000269293785,0.9990919828414917,0,0,12.069541931152344,0.2830030024051666,1,0.9997220039367676,-0.023528000339865685,0.0014059999957680702,0,0.023528000339865685,0.9997230172157288,0.00006500000017695129,0,-0.001408000010997057,-0.00003199999991920777,0.9999989867210388,0,-0.2065349966287613,9.248311042785645,0,1,0.989691972732544,0.14266300201416016,0.012494999915361404,0,-0.142658993601799,0.9897710084915161,-0.001218999968841672,0,-0.012540999799966812,-0.0005760000203736126,0.9999210238456726,0,-0.2367130070924759,5.1582818031311035,0,1,0.2618339955806732,-0.07125700265169144,0.9624789953231812,0,-0.9326440095901489,-0.27518200874328613,0.23334500193595886,0,0.2482289969921112,-0.9587479829788208,-0.13851000368595123,0,-12.931761741638184,13.368457794189453,-0.08627299964427948,1,0.22957299649715424,-0.8530439734458923,-0.46862900257110596,0,0.9519820213317871,0.09660299867391586,0.2905130088329315,0,-0.20254899561405182,-0.5128200054168701,0.8342599868774414,0,0,26.221097946166992,0,1,0.028863999992609024,-0.13607600331306458,-0.9902780055999756,0,0.9989780187606812,-0.030538000166416168,0.03331400081515312,0,-0.03477500006556511,-0.990227997303009,0.1350560039281845,0,0,16.070491790771484,0,1,-0.0993259996175766,-0.011358000338077545,0.9949899911880493,0,0.026247000321745872,0.9995570182800293,0.014031000435352325,0,-0.9947090148925781,0.027509000152349472,-0.0989840030670166,0,0,23.006677627563477,0,1,0.8664090037345886,-0.49775800108909607,0.039639998227357864,0,0.4823009967803955,0.8547710180282593,0.1917089968919754,0,-0.12930800020694733,-0.14698000252246857,0.9806510210037231,0,4.856080055236816,5.508211135864258,0.000003000000106112566,1,0.9772650003433228,0.21201500296592712,-0.0016919999616220593,0,-0.21109400689601898,0.9737020134925842,0.0856970027089119,0,0.019816000014543533,-0.08339200168848038,0.9963200092315674,0,0.11964300274848938,5.873307228088379,0,1,0.9769139885902405,-0.21362000703811646,-0.002248999895527959,0,0.21333900094032288,0.9760730266571045,-0.042054999619722366,0,0.01117900013923645,0.04060500115156174,0.9991130232810974,0,0.5851889848709106,6.872167110443115,0,1,0.999862015247345,-0.0021649999544024467,0.01648399978876114,0,0.001930000027641654,0.9998959898948669,0.014268999919295311,0,-0.016512999311089516,-0.014235000126063824,0.9997619986534119,0,0,11.272738456726074,0.16046999394893646,1,0.9956669807434082,0.09215699881315231,-0.012449000030755997,0,-0.0921500027179718,0.995743989944458,0.0011289999820291996,0,0.012500000186264515,0.000024000000848900527,0.999921977519989,0,-0.01638299971818924,8.495157241821289,0,1,0.9771789908409119,-0.21206599473953247,-0.012195000424981117,0,0.2120629996061325,0.9772549867630005,-0.0015119999879971147,0,0.012237999588251114,-0.001108999946154654,0.9999250173568726,0,0.6223239898681641,6.868310928344727,0,1,-0.8836230039596558,-0.37943801283836365,0.2742930054664612,0,0.46457499265670776,-0.7833060026168823,0.41304001212120056,0,0.058132998645305634,0.49240100383758545,0.8684250116348267,0,15.206181526184082,-5.639214038848877,0.4854309856891632,1,0.9954040050506592,0.022450000047683716,0.09309100359678268,0,0.06948599964380264,0.49958398938179016,-0.8634740114212036,0,-0.06589200347661972,0.865975022315979,0.4957279860973358,0,0,25.565828323364258,0,1,0.9344069957733154,-0.35574498772621155,0.018154000863432884,0,0.13697899878025055,0.40590399503707886,0.9035919904708862,0,-0.3288170099258423,-0.8418359756469727,0.4280090034008026,0,0,19.34305763244629,0,1,0.9999420046806335,0,-0.010773999616503716,0,0.008108999580144882,0.6584540009498596,0.752577006816864,0,0.0070940000005066395,-0.7526209950447083,0.6584159731864929,0,0,12.453317642211914,0,1,-0.9154289960861206,0.36612799763679504,-0.167153000831604,0,-0.4023900032043457,-0.8413370251655579,0.3608810007572174,0,-0.008503000251948833,0.3976210057735443,0.9175099730491638,0,-15.206181526184082,-5.639214038848877,-0.017153000459074974,1,0.9974380135536194,-0.0435199998319149,0.056784000247716904,0,0.07154300063848495,0.6057720184326172,-0.7924150228500366,0,0.00008800000068731606,0.7944470047950745,0.6073330044746399,0,0,25.640430450439453,0,1,0.8989570140838623,0.3357050120830536,0.28138598799705505,0,-0.3609830141067505,0.2038780003786087,0.9100139737129211,0,0.2481279969215393,-0.919638991355896,0.3044610023498535,0,0,19.428544998168945,0,1,0.9999499917030334,0,0.009971999563276768,0,-0.007348999846726656,0.6758890151977539,0.7369670271873474,0,-0.006738999858498573,-0.7370039820671082,0.6758549809455872,0,0,12.713443756103516,0,1
K0.033,0.6820033192634583,-0.015827110037207603,0.7311776876449585,0,0.021464021876454353,0.9997680187225342,0.001620124327018857,0,-0.7310346961021423,0.014588920399546623,0.6821852922439575,0,-1.101871132850647,52.10991287231445,-0.4865807592868805,1,0.9998700022697449,-0.01174390222877264,-0.011053976602852345,0,0.011591902002692223,0.9998390078544617,-0.013723003678023815,0,0.01121397502720356,0.013593005016446114,0.999845027923584,0,0,10.15488052368164,-0.29943200945854187,1,0.9996079802513123,0.016795042902231216,-0.02239294908940792,0,-0.01608804427087307,0.9993789792060852,0.03136299178004265,0,0.022905951365828514,-0.03098999336361885,0.9992570281028748,0,0,11.852499961853027,0,1,0.9996100068092346,0.01679404266178608,-0.02230595238506794,0,-0.016089044511318207,0.9993770122528076,0.031405992805957794,0,0.02281995117664337,-0.03103499300777912,0.9992579817771912,0,0,13.54572582244873,0,1,0.9900879859924316,-0.07277201116085052,-0.12012600153684616,0,0.09433398395776749,0.9782160520553589,0.18491482734680176,0,0.10405201464891434,-0.19441382586956024,0.9753850698471069,0,0,15.238935470581055,0,1,0.8642350435256958,-0.12390682101249695,-0.4875909388065338,0,0.08417880535125732,0.9911479949951172,-0.10266698151826859,0,0.4959959089756012,0.047684092074632645,0.8670140504837036,0,0,6.069733142852783,0.0718419998884201,1,0.11345687508583069,0.042807962745428085,-0.9926199913024902,0,0.9562240242958069,-0.27595195174217224,0.0973958894610405,0,-0.26974597573280334,-0.9602180123329163,-0.07224292308092117,0,12.931761741638184,13.36662483215332,-0.024089999496936798,1,0.6825828552246094,-0.010863792151212692,0.7307271361351013,0,-0.4868302345275879,0.7389729619026184,0.4657418727874756,0,-0.5450469255447388,-0.6736480593681335,0.4991209805011749,0,0,26.221097946166992,0,1,-0.01738702692091465,0.16990098357200623,0.9853079915046692,0,-0.9551079273223877,-0.2943131625652313,0.03389599919319153,0,0.29574814438819885,-0.940485954284668,0.16739100217819214,0,0,16.07257843017578,0,1,-0.08052001893520355,-0.02473699487745762,-0.9964460134506226,0,-0.08250298351049423,0.9964269995689392,-0.01806899532675743,0,0.9933329820632935,0.08075498789548874,-0.08227301388978958,0,0,23.019641876220703,0,1,0.8748279809951782,0.4820069968700409,-0.048427000641822815,0,-0.46179598569869995,0.8599709868431091,0.2172430008649826,0,0.14635799825191498,-0.16768699884414673,0.9749159812927246,0,-5.102105140686035,5.694654941558838,0,1,0.9809749722480774,-0.1937820017337799,0.01172299962490797,0,0.19253100454807281,0.9788380265235901,0.06934499740600586,0,-0.02491299994289875,-0.06576800346374512,0.9975240230560303,0,-0.2425439953804016,6.111946105957031,0,1,0.9661189913749695,0.25762200355529785,0.01567400060594082,0,-0.2569490075111389,0.9657649993896484,-0.03569699823856354,0,-0.024334000423550606,0.030460000038146973,0.999239981174469,0,-0.6389309763908386,6.818601131439209,0,1,0.9991179704666138,-0.02148200012743473,-0.03608499839901924,0,0.022307999432086945,0.9994950294494629,0.022641999647021294,0,0.03558000177145004,-0.023427000269293785,0.9990919828414917,0,0,12.069541931152344,0.2830030024051666,1,0.9997220039367676,-0.023528000339865685,0.0014059999957680702,0,0.023528000339865685,0.9997230172157288,0.00006500000017695129,0,-0.0014070000033825636,-0.00003199999991920777,0.9999989867210388,0,-0.2065349966287613,9.248311042785645,0,1,0.989691972732544,0.14266300201416016,0.012494999915361404,0,-0.142658993601799,0.9897710084915161,-0.001218999968841672,0,-0.012540999799966812,-0.0005760000203736126,0.9999210238456726,0,-0.2367130070924759,5.1582818031311035,0,1,0.2572639584541321,-0.0686199739575386,0.9639019966125488,0,-0.9341269731521606,-0.2730639576911926,0.22987796366214752,0,0.24743197858333588,-0.9595450162887573,-0.1343499720096588,0,-12.931761741638184,13.368457794189453,-0.08627299964427948,1,0.22345395386219025,-0.8508309721946716,-0.4755580723285675,0,0.9568910598754883,0.09861106425523758,0.2731958031654358,0,-0.18554776906967163,-0.5161030292510986,0.8361870646476746,0,0,26.221097946166992,0,1,0.028249995782971382,-0.13605600595474243,-0.9902979731559753,0,0.9988300204277039,-0.03505502641201019,0.033309001475572586,0,-0.039247024804353714,-0.9900810122489929,0.13490599393844604,0,0,16.070491790771484,0,1,-0.0988750010728836,-0.011494998820126057,0.9950330257415771,0,0.025617001578211784,0.9995729923248291,0.014091999270021915,0,-0.9947699904441833,0.026883002370595932,-0.09853799641132355,0,0,23.006677627563477,0,1,0.8664090037345886,-0.49775800108909607,0.039639998227357864,0,0.4823009967803955,0.8547710180282593,0.1917089968919754,0,-0.12930800020694733,-0.14698000252246857,0.9806510210037231,0,4.856080055236816,5.508211135864258,0.000003000000106112566,1,0.9772650003433228,0.21201500296592712,-0.0016919999616220593,0,-0.21109400689601898,0.9737020134925842,0.0856970027089119,0,0.019816000014543533,-0.08339200168848038,0.9963200092315674,0,0.11964300274848938,5.873307228088379,0,1,0.9769139885902405,-0.21362000703811646,-0.002248999895527959,0,0.21333900094032288,0.9760730266571045,-0.042054999619722366,0,0.01117900013923645,0.04060500115156174,0.9991130232810974,0,0.5851889848709106,6.872167110443115,0,1,0.999862015247345,-0.0021649999544024467,0.01648399978876114,0,0.001930000027641654,0.9998959898948669,0.014268999919295311,0,-0.016512999311089516,-0.014235000126063824,0.9997619986534119,0,0,11.272738456726074,0.16046999394893646,1,0.9956669807434082,0.09215699881315231,-0.012449000030755997,0,-0.0921500027179718,0.995743989944458,0.0011279999744147062,0,0.012500000186264515,0.000024000000848900527,0.999921977519989,0,-0.01638299971818924,8.495157241821289,0,1,0.9771789908409119,-0.21206599473953247,-0.012195000424981117,0,0.2120639979839325,0.9772549867630005,-0.0015119999879971147,0,0.012237999588251114,-0.001108999946154654,0.9999240040779114,0,0.6223239898681641,6.868310928344727,0,1,-0.8789728879928589,-0.3853861391544342,0.28086215257644653,0,0.4744212329387665,-0.7663195729255676,0.43321937322616577,0,0.04827278479933739,0.5140354037284851,0.8564097881317139,0,15.206181526184082,-5.639214038848877,0.4854309856891632,1,0.9942640066146851,0.009564711712300777,0.10652217268943787,0,0.08861330896615982,0.484011709690094,-0.8705630898475647,0,-0.05988479033112526,0.8750091791152954,0.48038771748542786,0,0,25.565828323364258,0,1,0.9429700970649719,-0.33286353945732117,-0.002944309264421463,0,0.14749310910701752,0.4098690450191498,0.9001409411430359,0,-0.29841744899749756,-0.8492401242256165,0.43559008836746216,0,0,19.34305763244629,0,1,0.9999420046806335,0,-0.010773999616503716,0,0.008108999580144882,0.6584540009498596,0.752577006816864,0,0.0070940000005066395,-0.7526209950447083,0.6584159731864929,0,0,12.453317642211914,0,1,-0.9173539876937866,0.3655259311199188,-0.15764901041984558,0,-0.39807194471359253,-0.8434151411056519,0.3608188331127167,0,-0.0010751092340797186,0.39375385642051697,0.9192150831222534,0,-15.206181526184082,-5.639214038848877,-0.017153000459074974,1,0.996874988079071,-0.05850601568818092,0.05307687446475029,0,0.07711290568113327,0.5750028491020203,-0.8145090937614441,0,0.01713409833610058,0.8160561323165894,0.5777178406715393,0,0,25.640430450439453,0,1,0.8963810205459595,0.3442230522632599,0.2793058753013611,0,-0.3518877923488617,0.1693606674671173,0.9205931425094604,0,0.2695862054824829,-0.9234870076179504,0.27293968200683594,0,0,19.428544998168945,0,1,0.9999499917030334,0,0.009971999563276768,0,-0.007348999846726656,0.6759020090103149,0.7369549870491028,0,-0.00674000009894371,-0.7369909882545471,0.6758689880371094,0,0,12.713443756103516,0,1
K0.067,0.7125096917152405,-0.026774892583489418,0.7011513113975525,0,0.02373797819018364,0.9996190071105957,0.014049876481294632,0,-0.7012602686882019,0.00663407938554883,0.7128736972808838,0,-1.2170708179473877,51.77229690551758,-0.5621552467346191,1,0.9999600052833557,-0.0019590973388403654,-0.00870602298527956,0,0.00183609698433429,0.9998990297317505,-0.014075996354222298,0,0.008733023889362812,0.014058995060622692,0.9998630285263062,0,0,10.15488052368164,-0.29943200945854187,1,0.9996269941329956,0.021040957421064377,-0.017416050657629967,0,-0.02050095610320568,0.9993209838867188,0.030617007985711098,0,0.01804804801940918,-0.03024800680577755,0.9993789792060852,0,0,11.852499961853027,0,1,0.9996269941329956,0.02103995718061924,-0.017385048791766167,0,-0.020499955862760544,0.9993199706077576,0.030642006546258926,0,0.018018048256635666,-0.030274007469415665,0.9993789792060852,0,0,13.54572582244873,0,1,0.9900529980659485,-0.07346199452877045,-0.11999499797821045,0,0.09309501200914383,0.9815159440040588,0.16721317172050476,0,0.1054929867386818,-0.17672118544578552,0.9785909652709961,0,0,15.238935470581055,0,1,0.8707079291343689,-0.10572218149900436,-0.4803020656108856,0,0.06469419598579407,0.9927560091018677,-0.10124201327562332,0,0.4875260889530182,0.05707990750670433,0.871239960193634,0,0,6.069733142852783,0.0718419998884201,1,0.10060212761163712,0.0392710343003273,-0.9941509962081909,0,0.9588500261306763,-0.27046605944633484,0.0863461121916771,0,-0.2654930353164673,-0.9619280099868774,-0.06486407667398453,0,12.931761741638184,13.36662483215332,-0.024089999496936798,1,0.6706790924072266,0.009862794540822506,0.7416818737983704,0,-0.5109767913818359,0.7309530377388,0.4523391127586365,0,-0.5376730561256409,-0.6823569536209106,0.49527403712272644,0,0,26.221097946166992,0,1,-0.019970973953604698,0.16908301413059235,0.9853990077972412,0,-0.9505090713500977,-0.30885985493659973,0.03373299911618233,0,0.31005385518074036,-0.9359580874443054,0.16688300669193268,0,0,16.07257843017578,0,1,-0.08242698013782501,-0.024230005219578743,-0.9963030219078064,0,-0.0809750184416771,0.9965620040893555,-0.017537005245685577,0,0.9933019876480103,0.07923001796007156,-0.084104984998703,0,0,23.019641876220703,0,1,0.8748279809951782,0.4820069968700409,-0.048427000641822815,0,-0.46179598569869995,0.8599709868431091,0.2172430008649826,0,0.14635799825191498,-0.16768699884414673,0.9749159812927246,0,-5.102105140686035,5.694654941558838,0,1,0.9809749722480774,-0.1937820017337799,0.01172299962490797,0,0.19253100454807281,0.9788380265235901,0.06934499740600586,0,-0.02491299994289875,-0.06576800346374512,0.9975240230560303,0,-0.2425439953804016,6.111946105957031,0,1,0.9661189913749695,0.25762200355529785,0.01567400060594082,0,-0.2569490075111389,0.9657660126686096,-0.03569699823856354,0,-0.024334000423550606,0.030460000038146973,0.999239981174469,0,-0.6389309763908386,6.818601131439209,0,1,0.9991179704666138,-0.02148200012743473,-0.03608499839901924,0,0.022307999432086945,0.9994950294494629,0.022641999647021294,0,0.03558000177145004,-0.023427000269293785,0.9990919828414917,0,0,12.069541931152344,0.2830030024051666,1,0.9997220039367676,-0.023528000339865685,0.0014059999957680702,0,0.023528000339865685,0.9997230172157288,0.00006500000017695129,0,-0.0014070000033825636,-0.00003199999991920777,0.9999989867210388,0,-0.2065349966287613,9.248311042785645,0,1,0.989691972732544,0.14266300201416016,0.012494999915361404,0,-0.142658993601799,0.9897710084915161,-0.001218999968841672,0,-0.012540999799966812,-0.0005760000203736126,0.9999210238456726,0,-0.2367130070924759,5.1582818031311035,0,1,0.25334903597831726,-0.06639602035284042,0.9650939702987671,0,-0.9355279803276062,-0.27069202065467834,0.22696402668952942,0,0.24617400765419006,-0.9603739976882935,-0.13069503009319305,0,-12.931761741638184,13.368457794189453,-0.08627299964427948,1,0.2184850424528122,-0.8486260175704956,-0.481766939163208,0,0.9621679186820984,0.10498793423175812,0.2514162063598633,0,-0.16277822852134705,-0.5184710025787354,0.8394589424133301,0,0,26.221097946166992,0,1,0.027883004397153854,-0.1360429972410202,-0.9903110265731812,0,0.9987319707870483,-0.037751972675323486,0.033305998891592026,0,-0.041916973888874054,-0.9899830222129822,0.13481800258159637,0,0,16.070491790771484,0,1,-0.09865199774503708,-0.011432001367211342,0.9950559735298157,0,0.02579599805176258,0.9995689988136292,0.014042001217603683,0,-0.9947879910469055,0.02705399878323078,-0.09831400215625763,0,0,23.006677627563477,0,1,0.8664090037345886,-0.49775800108909607,0.039639998227357864,0,0.4823009967803955,0.8547710180282593,0.1917089968919754,0,-0.12930800020694733,-0.14698000252246857,0.9806510210037231,0,4.856080055236816,5.508211135864258,0.000003000000106112566,1,0.9772650003433228,0.21201500296592712,-0.0016919999616220593,0,-0.21109400689601898,0.9737020134925842,0.0856970027089119,0,0.01981700025498867,-0.08339200168848038,0.9963200092315674,0,0.11964300274848938,5.873307228088379,0,1,0.9769139885902405,-0.21362000703811646,-0.002248999895527959,0,0.21333900094032288,0.9760730266571045,-0.042054999619722366,0,0.01117900013923645,0.04060500115156174,0.9991130232810974,0,0.5851889848709106,6.872167110443115,0,1,0.999862015247345,-0.0021649999544024467,0.01648399978876114,0,0.001930000027641654,0.9998959898948669,0.014268999919295311,0,-0.016512999311089516,-0.014235000126063824,0.9997619986534119,0,0,11.272738456726074,0.16046999394893646,1,0.9956669807434082,0.09215699881315231,-0.012449000030755997,0,-0.0921500027179718,0.995743989944458,0.0011279999744147062,0,0.012500000186264515,0.000024000000848900527,0.999921977519989,0,-0.01638299971818924,8.495157241821289,0,1,0.9771789908409119,-0.21206599473953247,-0.012195000424981117,0,0.2120639979839325,0.9772549867630005,-0.0015119999879971147,0,0.012237999588251114,-0.001108999946154654,0.9999240040779114,0,0.6223239898681641,6.868310928344727,0,1,-0.8666651248931885,-0.4007708430290222,0.29710885882377625,0,0.49818477034568787,-0.726876437664032,0.47271862626075745,0,0.02650921605527401,0.5577035546302795,0.8296162486076355,0,15.206181526184082,-5.639214038848877,0.4854309856891632,1,0.9921190142631531,-0.019330713897943497,0.12379983067512512,0,0.11903369426727295,0.45395028591156006,-0.8830398917198181,0,-0.03912920504808426,0.8908168077468872,0.4526732563972473,0,0,25.565828323364258,0,1,0.9569078683853149,-0.2884124517440796,-0.03385469317436218,0,0.15733788907527924,0.4169379472732544,0.8952140808105469,0,-0.24407553672790527,-0.8619628548622131,0.44434991478919983,0,0,19.34305763244629,0,1,0.9999420046806335,0,-0.010773999616503716,0,0.008108999580144882,0.6584519743919373,0.7525789737701416,0,0.0070940000005066395,-0.7526220083236694,0.6584140062332153,0,0,12.453317642211914,0,1,-0.919734001159668,0.3591550588607788,-0.15842299163341522,0,-0.39236006140708923,-0.8534388542175293,0.3430671691894531,0,-0.011989891529083252,0.3776891529560089,0.9258549213409424,0,-15.206181526184082,-5.639214038848877,-0.017153000459074974,1,0.9973800182342529,-0.05994098633527756,0.040504127740859985,0,0.06709809601306915,0.5571871995925903,-0.8276708722114563,0,0.027042901143431664,0.8282209038734436,0.559749186038971,0,0,25.640430450439453,0,1,0.8977760076522827,0.35079994797706604,0.2663431167602539,0,-0.3304941952228546,0.13679532706737518,0.9338418841362,0,0.2911567986011505,-0.9264050126075745,0.23874934017658234,0,0,19.428544998168945,0,1,0.9999499917030334,0.000003999960426881444,0.009979999624192715,0,-0.007354999892413616,0.6762549877166748,0.7366309762001038,0,-0.0067460001446306705,-0.7366669774055481,0.676222026348114,0,0,12.713443756103516,0,1
K0.100,0.7610200047492981,-0.055376000702381134,0.6463609933853149,0,0.04054899886250496,0.9984620213508606,0.03779900074005127,0,-0.6474599838256836,-0.002556999446824193,0.7620949745178223,0,-1.356868028640747,51.52626419067383,-0.47340700030326843,1,0.9998120069503784,0.01791200041770935,-0.00748499995097518,0,-0.018029000610113144,0.9997109770774841,-0.01590299978852272,0,0.007197999861091375,0.01603499986231327,0.9998459815979004,0,0,10.15488052368164,-0.29943200945854187,1,0.9994999766349792,0.02858700044453144,-0.013531000353395939,0,-0.028216000646352768,0.999239981174469,0.026897000148892403,0,0.014290000312030315,-0.02650200016796589,0.999547004699707,0,0,11.852499961853027,0,1,0.9994990229606628,0.028593000024557114,-0.01358800008893013,0,-0.028219999745488167,0.999239981174469,0.026900000870227814,0,0.014347000047564507,-0.026503000408411026,0.9995459914207458,0,0,13.54572582244873,0,1,0.9910489916801453,-0.0688209980726242,-0.11439500004053116,0,0.08559200167655945,0.9851499795913696,0.14883999526500702,0,0.10245300084352493,-0.1572989970445633,0.9822220206260681,0,0,15.238935470581055,0,1,0.8888310194015503,-0.07044699788093567,-0.45278799533843994,0,0.033417001366615295,0.9954460263252258,-0.08928000181913376,0,0.4570159912109375,0.0642239972949028,0.8871369957923889,0,0,6.069733142852783,0.0718419998884201,1,0.08386100083589554,0.03554200008511543,-0.9958429932594299,0,0.9612830281257629,-0.26614001393318176,0.07145199924707413,0,-0.2624939978122711,-0.9632790088653564,-0.05648399889469147,0,12.931761741638184,13.36662483215332,-0.024089999496936798,1,0.7340549826622009,0.044061001390218735,0.6776589751243591,0,-0.5053859949111938,0.7019820213317871,0.5018029808998108,0,-0.45359501242637634,-0.7108309864997864,0.5375609993934631,0,0,26.221097946166992,0,1,-0.020270999521017075,0.16898499429225922,0.9854099750518799,0,-0.9499589800834656,-0.3105489909648895,0.033713001757860184,0,0.3117150068283081,-0.9354159832000732,0.16682399809360504,0,0,16.07257843017578,0,1,-0.09490200132131577,-0.024096999317407608,-0.9951949715614319,0,-0.0867689996957779,0.996101975440979,-0.01584400050342083,0,0.9916980266571045,0.08484800159931183,-0.0966230034828186,0,0,23.019641876220703,0,1,0.8748279809951782,0.4820069968700409,-0.048427000641822815,0,-0.46179500222206116,0.8599709868431091,0.2172430008649826,0,0.14635799825191498,-0.16768699884414673,0.9749159812927246,0,-5.102105140686035,5.694654941558838,0,1,0.9809749722480774,-0.1937820017337799,0.01172299962490797,0,0.19253100454807281,0.9788380265235901,0.06934499740600586,0,-0.02491299994289875,-0.06576800346374512,0.9975240230560303,0,-0.2425439953804016,6.111946105957031,0,1,0.9661189913749695,0.25762200355529785,0.01567400060594082,0,-0.2569490075111389,0.9657660126686096,-0.03569699823856354,0,-0.024334000423550606,0.030460000038146973,0.999239981174469,0,-0.6389309763908386,6.818601131439209,0,1,0.9991179704666138,-0.02148200012743473,-0.03608499839901924,0,0.022307999432086945,0.9994950294494629,0.022641999647021294,0,0.03558000177145004,-0.023427000269293785,0.9990919828414917,0,0,12.069541931152344,0.2830030024051666,1,0.9997220039367676,-0.023528000339865685,0.0014059999957680702,0,0.023528000339865685,0.9997230172157288,0.00006500000017695129,0,-0.0014070000033825636,-0.00003199999991920777,0.9999989867210388,0,-0.2065349966287613,9.248311042785645,0,1,0.989691972732544,0.14266300201416016,0.012494999915361404,0,-0.142658993601799,0.9897710084915161,-0.001218999968841672,0,-0.012540999799966812,-0.0005760000203736126,0.9999210238456726,0,-0.2367130070924759,5.1582818031311035,0,1,0.24758799374103546,-0.06551899760961533,0.9666479825973511,0,-0.9370710253715515,-0.2696880102157593,0.2217330038547516,0,0.24616500735282898,-0.9607160091400146,-0.12816700339317322,0,-12.931761741638184,13.368457794189453,-0.08627299964427948,1,0.2121729999780655,-0.8444160223007202,-0.4918780028820038,0,0.9672070145606995,0.10954499989748001,0.22914999723434448,0,-0.139614999294281,-0.5243669748306274,0.8399680256843567,0,0,26.221097946166992,0,1,0.028317999094724655,-0.1360590010881424,-0.9902960062026978,0,0.998848021030426,-0.03455200046300888,0.033309999853372574,0,-0.03874799981713295,-0.9900979995727539,0.13492299616336823,0,0,16.070491790771484,0,1,-0.09910999983549118,-0.010960999876260757,0.9950159788131714,0,0.02762500010430813,0.9995239973068237,0.013763000257313251,0,-0.9946929812431335,0.028852000832557678,-0.09876000136137009,0,0,23.006677627563477,0,1,0.8664100170135498,-0.49775800108909607,0.039639998227357864,0,0.4823009967803955,0.8547710180282593,0.1917089968919754,0,-0.12930800020694733,-0.14698000252246857,0.9806510210037231,0,4.856080055236816,5.508211135864258,0.000003000000106112566,1,0.9772650003433228,0.21201500296592712,-0.0016919999616220593,0,-0.21109400689601898,0.9737020134925842,0.0856970027089119,0,0.019816000014543533,-0.08339200168848038,0.9963200092315674,0,0.11964300274848938,5.873307228088379,0,1,0.9769139885902405,-0.21362000703811646,-0.002248999895527959,0,0.21333900094032288,0.9760730266571045,-0.04205600172281265,0,0.01117900013923645,0.04060500115156174,0.9991130232810974,0,0.5851889848709106,6.872167110443115,0,1,0.999862015247345,-0.0021649999544024467,0.01648399978876114,0,0.001930000027641654,0.9998959898948669,0.014268999919295311,0,-0.016512999311089516,-0.01423600036650896,0.9997619986534119,0,0,11.272738456726074,0.16046999394893646,1,0.9956669807434082,0.09215699881315231,-0.012449000030755997,0,-0.0921500027179718,0.995743989944458,0.0011279999744147062,0,0.012500000186264515,0.000024000000848900527,0.999921977519989,0,-0.01638299971818924,8.495157241821289,0,1,0.9771789908409119,-0.21206599473953247,-0.012195000424981117,0,0.2120639979839325,0.9772549867630005,-0.0015119999879971147,0,0.012237999588251114,-0.001108999946154654,0.9999250173568726,0,0.6223239898681641,6.868310928344727,0,1,-0.8521010279655457,-0.4167659878730774,0.3165920078754425,0,0.5232710242271423,-0.666146993637085,0.5314480066299438,0,-0.010592998005449772,0.6185100078582764,0.7857049703598022,0,15.206181526184082,-5.639214038848877,0.4854309856891632,1,0.9901080131530762,-0.056800998747348785,0.12829500436782837,0,0.14028400182724,0.417136013507843,-0.8979520201683044,0,-0.0025120016653090715,0.9070680141448975,0.42097800970077515,0,0,25.565828323364258,0,1,0.9711089730262756,-0.22904199361801147,-0.06697800010442734,0,0.16342100501060486,0.43376800417900085,0.8860809803009033,0,-0.17389699816703796,-0.8714269995689392,0.45866701006889343,0,0,19.34305763244629,0,1,0.9999420046806335,0,-0.010773999616503716,0,0.008108999580144882,0.6584529876708984,0.7525780200958252,0,0.0070940000005066395,-0.7526220083236694,0.6584150195121765,0,0,12.453317642211914,0,1,-0.9235410094261169,0.3446030020713806,-0.16829000413417816,0,-0.38018500804901123,-0.8802710175514221,0.28387099504470825,0,-0.05031700059771538,0.32614800333976746,0.943979024887085,0,-15.206181526184082,-5.639214038848877,-0.017153000459074974,1,0.9992169737815857,-0.03692999854683876,0.014176000840961933,0,0.03280799835920334,0.5734800100326538,-0.8185619711875916,0,0.022099999710917473,0.818386971950531,0.5742430090904236,0,0,25.640430450439453,0,1,0.9061139822006226,0.355444997549057,0.2293809950351715,0,-0.2858560085296631,0.11476100236177444,0.9513760209083557,0,0.3118380010128021,-0.9276250004768372,0.20559300482273102,0,0,19.428544998168945,0,1,0.9999499917030334,0.000003000000106112566,0.009978000074625015,0,-0.0073529998771846294,0.6761620044708252,0.7367169857025146,0,-0.0067449999041855335,-0.736752986907959,0.6761279702186584,0,0,12.713443756103516,0,1
