4.400,30,132,41
B0,mixamorig_Hips,-1,0.8959687352180481,0.12453246861696243,0.4263001084327698,0,-0.4399798512458801,0.11817780137062073,0.8901974558830261,0,0.06047973036766052,-0.985153079032898,0.1606752723455429,0,-24.616044998168945,12.031843185424805,-15.603403091430664,1
B1,mixamorig_Spine,0,0.9974179267883301,0.06873366236686707,0.020817110314965248,0,-0.06785465031862259,0.9968780279159546,-0.040362648665905,0,-0.02352604828774929,0.03884556517004967,0.9989680647850037,0,0,7.964667797088623,-0.6217259764671326,1
B2,mixamorig_Spine1,1,0.9975659847259521,0.0625918060541153,0.03073253110051155,0,-0.06478799879550934,0.9949548840522766,0.07659382373094559,0,-0.025783434510231018,-0.07839789241552353,0.9965887665748596,0,0,9.32037353515625,0,1
B3,mixamorig_Spine2,2,0.9975810647010803,0.06267880648374557,0.030048470944166183,0,-0.06482600420713425,0.9949358105659485,0.07681184262037277,0,-0.025081386789679527,-0.07857391983270645,0.9965927600860596,0,0,10.65185832977295,0,1
B4,mixamorig_Neck,3,0.9758379459381104,0.062023092061281204,0.20950612425804138,0,-0.09968652576208115,0.9796335697174072,0.174302875995636,0,-0.1944284588098526,-0.19097648561000824,0.9621466398239136,0,0,11.983349800109863,9.999999974752427e-7,1
B5,mixamorig_Head,4,0.5525702834129333,0.39068475365638733,0.7362276315689087,0,0.2031051218509674,0.7935843467712402,-0.573560357093811,0,-0.8083404302597046,0.46646425127983093,0.3591616451740265,0,0,10.677154541015625,1.385388970375061,1
B6,mixamorig_HeadTop_End,5,1,0,0,0,0,1,0,0,0,0,1,0,0,72.67863464355469,9.430248260498047,1
B7,mixamorig_LeftShoulder,3,-0.07861922681331635,-0.00430942140519619,-0.9968956708908081,0,0.9821673035621643,-0.17164462804794312,-0.07671501487493515,0,-0.17078155279159546,-0.985149621963501,0.017727218568325043,0,8.159377098083496,9.977126121520996,-0.14016500115394592,1
B8,mixamorig_LeftArm,7,-0.17040368914604187,-0.057120490819215775,0.9837174415588379,0,-0.36007311940193176,0.9328874349594116,-0.008204388432204723,0,-0.9172292947769165,-0.355608731508255,-0.1795361340045929,0,0,16.626705169677734,0,1
B9,mixamorig_LeftForeArm,8,-0.047132156789302826,0.9949056506156921,0.08911503851413727,0,-0.9952206611633301,-0.054410070180892944,0.08108504116535187,0,0.08552099019289017,-0.08486804366111755,0.992715060710907,0,0,21.426671981811523,0,1
B10,mixamorig_LeftHand,9,0.9670985341072083,-0.0842309519648552,-0.24005360901355743,0,0.08944480866193771,0.9959324598312378,0.010885870084166527,0,0.23815999925136566,-0.03199838101863861,0.9706982374191284,0,0,34.93510437011719,0,1
B11,mixamorig_LeftHandThumb1,10,0.9461860060691833,0.26137301325798035,-0.19083300232887268,0,-0.21099498867988586,0.945339024066925,0.24862700700759888,0,0.245386004447937,-0.19498300552368164,0.9496139883995056,0,-5.531126976013184,3.141443967819214,0,1
B12,mixamorig_LeftHandThumb2,11,0.9886670112609863,0.14748500287532806,0.028030000627040863,0,-0.14880600571632385,0.9874429702758789,0.05303199961781502,0,-0.019856000319123268,-0.05660200119018555,0.9981989860534668,0,-1.3220219612121582,4.914062023162842,0,1
B13,mixamorig_LeftHandThumb3,12,0.9845539927482605,0.17017599940299988,0.04114300012588501,0,-0.1682170033454895,0.984620988368988,-0.04715700075030327,0,-0.04853599891066551,0.03950800001621246,0.9980400204658508,0,0.19079099595546722,5.793838024139404,0,1
B14,mixamorig_LeftHandThumb4,13,1,0,0,0,0,1,0,0,0,0,1,0,1.1312299966812134,4.6004509925842285,0,1
B15,mixamorig_LeftHandIndex1,10,0.999888002872467,0.00750999990850687,-0.01296599954366684,0,-0.00750399986281991,0.9999719858169556,0.0004689999914262444,0,0.01296900026500225,-0.00037200000951997936,0.9999160170555115,0,0,8.865632057189941,0.0033370000310242176,1
B16,mixamorig_LeftHandIndex2,15,0.9992020130157471,-0.039767999202013016,0.0037169998977333307,0,0.03976700082421303,0.9992089867591858,0.00011999999696854502,0,-0.0037189999129623175,0.000028000000384054147,0.9999930262565613,0,0.06197100132703781,8.261246681213379,0,1
B17,mixamorig_LeftHandIndex3,16,0.9977189898490906,0.06749700009822845,0.0007750000222586095,0,-0.06749700009822845,0.9977189898490906,-0.000028000000384054147,0,-0.000775999971665442,-0.00002499999936844688,1,0,-0.18438300490379333,5.711742877960205,0,1
B18,mixamorig_LeftHandIndex4,17,1,0,0,0,0,1,0,0,0,0,1,0,0.12241200357675552,3.468430995941162,0,1
B19,mixamorig_RightShoulder,3,-0.10253576189279556,-0.011330397799611092,0.9946650266647339,0,-0.9265425205230713,-0.3627529442310333,-0.09964580833911896,0,0.3619469404220581,-0.9318164587020874,0.026696965098381042,0,-8.159377098083496,9.979677200317383,-0.17284800112247467,1
B20,mixamorig_RightArm,19,0.01688445173203945,0.6482568979263306,-0.7612344026565552,0,0.17619264125823975,0.7474994659423828,0.6404691934585571,0,0.9842103719711304,-0.14493852853775024,-0.10159733891487122,0,0,16.626705169677734,0,1
B21,mixamorig_RightForeArm,20,-0.7911499738693237,-0.5925832986831665,-0.1514151692390442,0,0.5926812887191772,-0.8039169907569885,0.04945278540253639,0,-0.15103016793727875,-0.05061676725745201,0.9872320294380188,0,0,21.435754776000977,0,1
B22,mixamorig_RightHand,21,0.9633587598800659,0.15902839601039886,-0.21598514914512634,0,-0.1816864013671875,0.9792905449867249,-0.08932904154062271,0,0.19730603694915771,0.12529760599136353,0.9723014831542969,0,0,34.91385269165039,0,1
B23,mixamorig_RightHandThumb1,22,0.9001849889755249,-0.4180940091609955,0.12191999703645706,0,0.3735100030899048,0.8851289749145508,0.2775540053844452,0,-0.22395899891853333,-0.20431199669837952,0.9529420137405396,0,4.671835899353027,3.4724159240722656,0.000003999999989900971,1
B24,mixamorig_RightHandThumb2,23,0.9584749937057495,0.28419798612594604,-0.023621000349521637,0,-0.28182101249694824,0.9566090106964111,0.07400298863649368,0,0.04362700134515762,-0.06427298486232758,0.9969779849052429,0,0.4199410080909729,4.637803077697754,0,1
B25,mixamorig_RightHandThumb3,24,0.8530740141868591,-0.5217880010604858,-0.0017859878716990352,0,0.5211740136146545,0.852226972579956,-0.045678988099098206,0,0.025356000289320946,0.038036998361349106,0.9989550113677979,0,1.337298035621643,6.01535701751709,0,1
B26,mixamorig_RightHandThumb4,25,1,0,0,0,0,1,0,0,0,0,1,0,-1.7572389841079712,5.047922134399414,0,1
B27,mixamorig_RightHandIndex1,22,0.9994549751281738,-0.0005949999904260039,0.03300299867987633,0,0.0002100120618706569,0.9999319911003113,0.011651000007987022,0,-0.033006999641656876,-0.011637987568974495,0.9993870258331299,0,0,8.569920539855957,0.09981100261211395,1
B28,mixamorig_RightHandIndex2,27,0.9999859929084778,-0.005375000182539225,-0.00016999999934341758,0,0.005375000182539225,0.9999859929084778,-9.999999974752427e-7,0,0.00016999999934341758,0,1,0,-0.0016870000399649143,8.041950225830078,0,1
B29,mixamorig_RightHandIndex3,28,0.9999039769172668,0.013861999846994877,-0.0001539999939268455,0,-0.013861999846994877,0.9999039769172668,9.999999974752427e-7,0,0.0001539999939268455,9.999999974752427e-7,1,0,-0.031332001090049744,5.6025471687316895,0,1
B30,mixamorig_RightHandIndex4,29,1,0,0,0,0,1,0,0,0,0,1,0,0.03302000090479851,3.9876890182495117,0,1
B31,mixamorig_LeftUpLeg,0,-0.5293529629707336,-0.29755833745002747,0.794508695602417,0,0.7596866488456726,-0.5831612944602966,0.2877471148967743,0,0.3777049481868744,0.7558977603912354,0.5347493886947632,0,17.911487579345703,-4.424811840057373,-0.35127899050712585,1
B32,mixamorig_LeftLeg,31,0.9605421423912048,-0.21688960492610931,0.17411793768405914,0,0.21936863660812378,0.20592480897903442,-0.9536622166633606,0,0.17098365724086761,0.9542294144630432,0.24537864327430725,0,0,28.662208557128906,0,1
B33,mixamorig_LeftFoot,32,0.9666781425476074,-0.08254285156726837,-0.24232320487499237,0,0.22162361443042755,0.7436208128929138,0.6308017373085022,0,0.12812839448451996,-0.6634864807128906,0.7371353507041931,0,0,26.506521224975586,0,1
B34,mixamorig_LeftToeBase,33,0.9178982973098755,-0.27382227778434753,-0.28720155358314514,0,0.3536492884159088,0.8927743434906006,0.27907997369766235,0,0.17998802661895752,-0.3577357530593872,0.9163128733634949,0,0,12.680264472961426,0,1
B35,mixamorig_LeftToe_End,34,1,0,0,0,0,1,0,0,0,0,1,0,0,5.151862144470215,0,1
B36,mixamorig_RightUpLeg,0,-0.7496973276138306,0.621532142162323,-0.22727222740650177,0,-0.6541491150856018,-0.7479880452156067,0.11226701736450195,0,-0.10021907091140747,0.23283565044403076,0.9673380851745605,0,-17.911487579345703,-4.424811840057373,-0.029843999072909355,1
B37,mixamorig_RightLeg,36,0.997134804725647,-0.03036067634820938,0.06928252428770065,0,0.07195992767810822,0.6630620360374451,-0.7450984716415405,0,-0.023317040875554085,0.7479487657546997,0.6633462309837341,0,0,28.661733627319336,0,1
B38,mixamorig_RightFoot,37,0.9539832472801208,0.1786220222711563,0.24085335433483124,0,-0.2988862693309784,0.5017460584640503,0.8117377161979675,0,0.024146344512701035,-0.8463716506958008,0.5320442318916321,0,0,26.521141052246094,0,1
B39,mixamorig_RightToeBase,38,0.907469630241394,0.17003796994686127,0.38416990637779236,0,-0.3562469184398651,0.7961404919624329,0.4891296625137329,0,-0.2226824164390564,-0.5807286500930786,0.7830486297607422,0,0,12.433868408203125,0,1
B40,mixamorig_RightToe_End,39,1,0,0,0,0,1,0,0,0,0,1,0,0,5.0621209144592285,0,1
@34,0,1,2,3,4,5,7,8,9,10,11,12,13,15,16,17,19,20,21,22,23,24,25,27,28,29,31,32,33,34,36,37,38,39
K0.000,0.9833459854125977,0.014317999593913555,0.18117700517177582,0,-0.010369000025093555,0.9996880292892456,-0.022724000737071037,0,-0.18144500255584717,0.0204670000821352,0.9831879734992981,0,0.11400400102138519,66.27198791503906,-0.20111200213432312,1,0.9988049864768982,0.03620100021362305,-0.032836999744176865,0,-0.03756599873304367,0.9984130263328552,-0.04195600003004074,0,0.031266000121831894,0.04313899949193001,0.9985799789428711,0,0,7.964667797088623,-0.6217259764671326,1,0.9974089860916138,-0.008621999993920326,-0.0714230015873909,0,0.013673000037670135,0.9974160194396973,0.07053299993276596,0,0.0706309974193573,-0.07132700085639954,0.9949489831924438,0,0,9.32037353515625,0,1,0.9973589777946472,-0.008623000234365463,-0.07211600244045258,0,0.013671999797224998,0.9974660277366638,0.0698229968547821,0,0.07133100181818008,-0.07062499970197678,0.9949489831924438,0,0,10.65185832977295,0,1,0.9996770024299622,-0.024694999679923058,-0.005973000079393387,0,0.025255000218749046,0.9915350079536438,0.127360001206398,0,0.002776999957859516,-0.127470001578331,0.9918389916419983,0,0,11.983349800109863,0,1,0.9993759989738464,0.035020001232624054,0.004559999797493219,0,-0.03176699951291084,0.9478340148925781,-0.31717801094055176,0,-0.015429999679327011,0.31683599948883057,0.9483550190925598,0,0,10.677154541015625,1.385388970375061,1,-0.12978899478912354,0.009631999768316746,-0.9914950132369995,0,0.9154710173606873,-0.3829439878463745,-0.12355700135231018,0,-0.38087698817253113,-0.9237210154533386,0.04088500142097473,0,8.159377098083496,9.977126121520996,-0.14016500115394592,1,0.9232720136642456,0.32641398906707764,0.20254099369049072,0,-0.3483380079269409,0.48910000920295715,0.799651026725769,0,0.16195499897003174,-0.8088480234146118,0.5652750134468079,0,0,16.626705169677734,0,1,0.9809579849243164,0.19414399564266205,0.0053530000150203705,0,-0.19420599937438965,0.9808329939842224,0.015822000801563263,0,-0.002179000061005354,-0.01655999943614006,0.9998599886894226,0,0,21.426671981811523,0,1,0.507606029510498,0.1244949996471405,-0.8525480031967163,0,0.016781000420451164,0.9878889918327332,0.15424999594688416,0,0.8614259958267212,-0.09260399639606476,0.4993689954280853,0,0,34.93510437011719,0,1,0.9461860060691833,0.26137301325798035,-0.1908320039510727,0,-0.21099500358104706,0.945339024066925,0.24862700700759888,0,0.245386004447937,-0.19498300552368164,0.9496139883995056,0,-5.531126976013184,3.141443967819214,0,1,0.9886670112609863,0.14748600125312805,0.028030000627040863,0,-0.14880700409412384,0.9874429702758789,0.05303199961781502,0,-0.019856000319123268,-0.05660200119018555,0.9981989860534668,0,-1.3220219612121582,4.914062023162842,0,1,0.9845539927482605,0.17017599940299988,0.04114300012588501,0,-0.1682170033454895,0.984620988368988,-0.04715700075030327,0,-0.048535000532865524,0.03950800001621246,0.9980400204658508,0,0.19079099595546722,5.793838024139404,0,1,0.999888002872467,0.00750999990850687,-0.01296599954366684,0,-0.00750399986281991,0.9999719858169556,0.0004689999914262444,0,0.01296900026500225,-0.00037200000951997936,0.9999160170555115,0,0,8.865632057189941,0.0033370000310242176,1,0.9992020130157471,-0.039767999202013016,0.0037169998977333307,0,0.03976700082421303,0.9992089867591858,0.00011999999696854502,0,-0.0037189999129623175,0.000028000000384054147,0.9999930262565613,0,0.06197100132703781,8.261246681213379,0,1,0.9977189898490906,0.06749700009822845,0.0007750000222586095,0,-0.06749700009822845,0.9977189898490906,-0.000028000000384054147,0,-0.0007750000222586095,-0.00002499999936844688,1,0,-0.18438300490379333,5.711742877960205,0,1,-0.15502600371837616,0.0003549999964889139,0.9879099726676941,0,-0.9057649970054626,-0.3992849886417389,-0.14199300110340118,0,0.3944070041179657,-0.9168270230293274,0.06222100183367729,0,-8.159377098083496,9.979677200317383,-0.17284800112247467,1,0.9573590159416199,-0.13977700471878052,-0.2528350055217743,0,0.2852579951286316,0.5958719849586487,0.7507089972496033,0,0.04572499915957451,-0.7908220291137695,0.6103360056877136,0,0,16.626705169677734,0,1,0.9380379915237427,-0.34645798802375793,-0.0071310000494122505,0,0.3465149998664856,0.9375990033149719,0.02891400083899498,0,-0.0033309999853372574,-0.029593000188469887,0.9995560050010681,0,0,21.435754776000977,0,1,0.4317080080509186,-0.051697999238967896,0.900530993938446,0,-0.29661598801612854,0.9346979856491089,0.1958550065755844,0,-0.8518490195274353,-0.3516640067100525,0.38818299770355225,0,0,34.91385269165039,0,1,0.9001849889755249,-0.4180940091609955,0.12191999703645706,0,0.3735100030899048,0.8851289749145508,0.2775540053844452,0,-0.22395899891853333,-0.20431199669837952,0.9529420137405396,0,4.671835899353027,3.4724159240722656,0.000003999999989900971,1,0.9584749937057495,0.28419798612594604,-0.023621000349521637,0,-0.28182101249694824,0.9566090106964111,0.07400199770927429,0,0.04362700134515762,-0.06427299976348877,0.9969779849052429,0,0.4199410080909729,4.637803077697754,0,1,0.853073000907898,-0.5217880010604858,-0.0017859999788925052,0,0.5211740136146545,0.852226972579956,-0.04567800089716911,0,0.025356000289320946,0.03803599998354912,0.9989550113677979,0,1.337298035621643,6.01535701751709,0,1,0.9994549751281738,-0.0005949999904260039,0.03300299867987633,0,0.0002099999983329326,0.9999319911003113,0.011651000007987022,0,-0.033006999641656876,-0.011637999676167965,0.9993870258331299,0,0,8.569920539855957,0.09981100261211395,1,0.9999859929084778,-0.005375000182539225,-0.00016999999934341758,0,0.005375000182539225,0.9999859929084778,0,0,0.00016999999934341758,0,1,0,-0.0016870000399649143,8.041950225830078,0,1,0.9999039769172668,0.013861999846994877,-0.0001539999939268455,0,-0.013861999846994877,0.9999039769172668,0,0,0.0001539999939268455,0,1,0,-0.031332001090049744,5.6025471687316895,0,1,-0.9706339836120605,-0.213236004114151,0.11135700345039368,0,0.2271440029144287,-0.9648270010948181,0.13234299421310425,0,0.0792199969291687,0.15375100076198578,0.9849290251731873,0,17.911487579345703,-4.424811840057373,-0.35127899050712585,1,0.9978240132331848,-0.06586799770593643,-0.0028039999306201935,0,0.05516999959945679,0.8575260043144226,-0.5114750266075134,0,0.03609500080347061,0.5102069973945618,0.8592939972877502,0,0,28.662208557128906,0,1,0.9588209986686707,-0.14736999571323395,-0.2427860051393509,0,0.28356701135635376,0.4489290118217468,0.8473799824714661,0,-0.015884999185800552,-0.8813310265541077,0.47223100066185,0,0,26.506521224975586,0,1,0.8809270262718201,0.0028299998957663774,-0.4732440114021301,0,0.3664869964122772,0.6286060214042664,0.6859610080718994,0,0.29942598938941956,-0.7777190208435059,0.552718997001648,0,0,12.680264472961426,0,1,-0.9593300223350525,0.2235019952058792,-0.172433003783226,0,-0.2631939947605133,-0.9290149807929993,0.26011401414871216,0,-0.10205700248479843,0.2949190139770508,0.9500560164451599,0,-17.911487579345703,-4.424811840057373,-0.029843999072909355,1,0.9960330128669739,0.08885099738836288,0.004780999850481749,0,-0.0683170035481453,0.7980679869651794,-0.5986819863319397,0,-0.057009000331163406,0.5959810018539429,0.8009719848632812,0,0,28.661733627319336,0,1,0.9598339796066284,0.1405310034751892,0.24283500015735626,0,-0.2804670035839081,0.5037410259246826,0.8170580267906189,0,-0.00750399986281991,-0.8523470163345337,0.5229219794273376,0,0,26.521141052246094,0,1,0.8819680213928223,-0.000035000000934815034,0.47130998969078064,0,-0.37139299511909485,0.6156200170516968,0.6950389742851257,0,-0.2901720106601715,-0.7880439758300781,0.542943000793457,0,0,12.433868408203125,0,1
K0.033,0.9832199811935425,0.01430400088429451,0.18186001479625702,0,-0.010183999314904213,0.9996700286865234,-0.023565007373690605,0,-0.18213701248168945,0.02131800726056099,0.9830420017242432,0,0.12631016969680786,66.26628112792969,-0.22866521775722504,1,0.9988080263137817,0.03619600459933281,-0.03275299817323685,0,-0.03755100443959236,0.9984220266342163,-0.04175399988889694,0,0.031189998611807823,0.04293400049209595,0.9985910058021545,0,0,7.964667797088623,-0.6217259764671326,1,0.9974200129508972,-0.008496000431478024,-0.07127899676561356,0,0.013566000387072563,0.9973880052566528,0.07094000279903412,0,0.07049000263214111,-0.07172299921512604,0.9949309825897217,0,0,9.32037353515625,0,1,0.9973700046539307,-0.008496000431478024,-0.0719740018248558,0,0.013565000146627426,0.9974380135536194,0.07023199647665024,0,0.07119300216436386,-0.07102300226688385,0.9949309825897217,0,0,10.65185832977295,0,1,0.9996839761734009,-0.024434998631477356,-0.005958999041467905,0,0.024995997548103333,0.9915289878845215,0.1274549961090088,0,0.0027939993888139725,-0.1275629997253418,0.9918259978294373,0,0,11.983349800109863,0,1,0.9994230270385742,0.0337199941277504,0.004181001801043749,0,-0.030651990324258804,0.9478330016136169,-0.3172909915447235,0,-0.014661998488008976,0.3169800043106079,0.9483190178871155,0,0,10.677154541015625,1.385388970375061,1,-0.1297380030155182,0.009618000127375126,-0.9915019869804382,0,0.9155539870262146,-0.38276100158691406,-0.12351299822330475,0,-0.38069599866867065,-0.9237970113754272,0.040853001177310944,0,8.159377098083496,9.977126121520996,-0.14016500115394592,1,0.9229580163955688,0.32784000039100647,0.201665997505188,0,-0.34843599796295166,0.4890559911727905,0.7996349930763245,0,0.1635270118713379,-0.8082969784736633,0.5656099915504456,0,0,16.626705169677734,0,1,0.9807090163230896,0.19539901614189148,0.005373999942094088,0,-0.19546101987361908,0.9805819988250732,0.015925001353025436,0,-0.002156999660655856,-0.01666800118982792,0.9998589754104614,0,0,21.426671981811523,0,1,0.5100950002670288,0.12341200560331345,-0.8512179851531982,0,0.02063700370490551,0.9876120090484619,0.15555401146411896,0,0.8598700165748596,-0.09691400825977325,0.5012289881706238,0,0,34.93510437011719,0,1,0.9461849927902222,0.26137301325798035,-0.19083300232887268,0,-0.21099500358104706,0.945339024066925,0.24862700700759888,0,0.245386004447937,-0.19498300552368164,0.9496139883995056,0,-5.531126976013184,3.141443967819214,0,1,0.9886670112609863,0.14748600125312805,0.028030000627040863,0,-0.14880600571632385,0.9874429702758789,0.05303199961781502,0,-0.019856000319123268,-0.05660200119018555,0.9981989860534668,0,-1.3220219612121582,4.914062023162842,0,1,0.9845539927482605,0.17017599940299988,0.04114300012588501,0,-0.1682170033454895,0.984620988368988,-0.04715700075030327,0,-0.04853599891066551,0.03950800001621246,0.9980400204658508,0,0.19079099595546722,5.793838024139404,0,1,0.999888002872467,0.00750999990850687,-0.01296599954366684,0,-0.007505000103265047,0.9999719858169556,0.0004689999914262444,0,0.01296900026500225,-0.00037200000951997936,0.9999160170555115,0,0,8.865632057189941,0.0033370000310242176,1,0.9992020130157471,-0.039767999202013016,0.0037169998977333307,0,0.03976700082421303,0.9992089867591858,0.00011999999696854502,0,-0.0037189999129623175,0.000028000000384054147,0.9999930262565613,0,0.06197100132703781,8.261246681213379,0,1,0.9977189898490906,0.06749700009822845,0.0007750000222586095,0,-0.06749700009822845,0.9977189898490906,-0.000028000000384054147,0,-0.000775999971665442,-0.000024000011762836948,1,0,-0.18438300490379333,5.711742877960205,0,1,-0.15502899885177612,0.00037000118754804134,0.9879099726676941,0,-0.9057649970054626,-0.3992860019207001,-0.14198899269104004,0,0.3944059908390045,-0.9168260097503662,0.0622360035777092,0,-8.159377098083496,9.979677200317383,-0.17284800112247467,1,0.9576990008354187,-0.14136101305484772,-0.25065699219703674,0,0.2844789922237396,0.5964279770851135,0.7505639791488647,0,0.043397996574640274,-0.7901210188865662,0.6114130020141602,0,0,16.626705169677734,0,1,0.9369630217552185,-0.349355012178421,-0.007220999803394079,0,0.3494130074977875,0.9365149736404419,0.029155999422073364,0,-0.00342300022020936,-0.029841000214219093,0.9995489716529846,0,0,21.435754776000977,0,1,0.43526801466941833,-0.049369994550943375,0.8989459872245789,0,-0.2994770109653473,0.9336950182914734,0.19628499448299408,0,-0.8490319848060608,-0.35464999079704285,0.39162200689315796,0,0,34.91385269165039,0,1,0.9001849889755249,-0.4180940091609955,0.12191999703645706,0,0.3735100030899048,0.8851289749145508,0.2775540053844452,0,-0.22395899891853333,-0.20431199669837952,0.9529420137405396,0,4.671835899353027,3.4724159240722656,0.000003999999989900971,1,0.9584749937057495,0.28419798612594604,-0.023621000349521637,0,-0.28182101249694824,0.9566090106964111,0.07400300353765488,0,0.04362700134515762,-0.06427299976348877,0.9969779849052429,0,0.4199410080909729,4.637803077697754,0,1,0.8530740141868591,-0.5217880010604858,-0.0017849999712780118,0,0.5211740136146545,0.852226972579956,-0.04567800089716911,0,0.025356000289320946,0.038036998361349106,0.9989550113677979,0,1.337298035621643,6.01535701751709,0,1,0.9994549751281738,-0.0005949999904260039,0.03300299867987633,0,0.00021100000594742596,0.9999319911003113,0.011651000007987022,0,-0.033006999641656876,-0.011637000367045403,0.9993870258331299,0,0,8.569920539855957,0.09981100261211395,1,0.9999859929084778,-0.005375000182539225,-0.00016999999934341758,0,0.005375000182539225,0.9999859929084778,0,0,0.00016999999934341758,0,1,0,-0.0016870000399649143,8.041950225830078,0,1,0.9999039769172668,0.01386099960654974,-0.0001539999939268455,0,-0.01386099960654974,0.9999039769172668,0.0000010000100019169622,0,0.0001539999939268455,0,1,0,-0.031332001090049744,5.6025471687316895,0,1,-0.9705770015716553,-0.2134380042552948,0.11146699637174606,0,0.2273229956626892,-0.9648489952087402,0.1318719983100891,0,0.07940299808979034,0.153330996632576,0.9849799871444702,0,17.911487579345703,-4.424811840057373,-0.35127899050712585,1,0.9978020191192627,-0.06619899719953537,-0.002836997853592038,0,0.055417004972696304,0.857213020324707,-0.5119720101356506,0,0.03632400184869766,0.5106899738311768,0.8589969873428345,0,0,28.662208557128906,0,1,0.9587209820747375,-0.14782600104808807,-0.24289999902248383,0,0.28387999534606934,0.44864100217819214,0.8474270105361938,0,-0.0162969958037138,-0.881401002407074,0.47208699584007263,0,0,26.506521224975586,0,1,0.8809430003166199,0.0027330005541443825,-0.4732140004634857,0,0.3664740025997162,0.6287189722061157,0.6858639717102051,0,0.2993929982185364,-0.7776280045509338,0.5528640151023865,0,0,12.680264472961426,0,1,-0.9590489864349365,0.2241010218858719,-0.17321301996707916,0,-0.26399800181388855,-0.9288139939308167,0.260019987821579,0,-0.10261201113462448,0.29510000348091125,0.9499409794807434,0,-17.911487579345703,-4.424811840057373,-0.029843999072909355,1,0.9959310293197632,0.09001500904560089,0.0043889982625842094,0,-0.06945500522851944,0.797668993473053,-0.5990830063819885,0,-0.05742700397968292,0.596340000629425,0.8006749749183655,0,0,28.661733627319336,0,1,0.9599639773368835,0.1399489939212799,0.24266000092029572,0,-0.2800079882144928,0.504393994808197,0.8168129920959473,0,-0.008084001950919628,-0.8520569801330566,0.5233860015869141,0,0,26.521141052246094,0,1,0.8819680213928223,-0.00003499999002087861,0.47130900621414185,0,-0.37139299511909485,0.6156209707260132,0.6950380206108093,0,-0.2901720106601715,-0.7880420088768005,0.5429450273513794,0,0,12.433868408203125,0,1
K0.067,0.9830600023269653,0.014407998882234097,0.18271797895431519,0,-0.01013100054115057,0.9996529817581177,-0.024320991709828377,0,-0.18300499022006989,0.022057993337512016,0.9828640222549438,0,0.14342384040355682,66.26210021972656,-0.2509388029575348,1,0.9988020062446594,0.036521997302770615,-0.032579001039266586,0,-0.037863995879888535,0.9984179735183716,-0.04157600179314613,0,0.031009001657366753,0.04275999963283539,0.9986039996147156,0,0,7.964667797088623,-0.6217259764671326,1,0.997439980506897,-0.008503000251948833,-0.07100500166416168,0,0.013577000238001347,0.9973629713058472,0.07128799706697464,0,0.0702119991183281,-0.07206899672746658,0.9949250221252441,0,0,9.32037353515625,0,1,0.997389018535614,-0.00850099977105856,-0.07170899957418442,0,0.01357599999755621,0.9974139928817749,0.07057700306177139,0,0.07092399895191193,-0.07136700302362442,0.9949250221252441,0,0,10.65185832977295,0,1,0.999688982963562,-0.024230001494288445,-0.005855001043528318,0,0.024779001250863075,0.9915329813957214,0.12746499478816986,0,0.002717000665143132,-0.1275710016489029,0.9918259978294373,0,0,11.983349800109863,0,1,0.9994530081748962,0.03279300779104233,0.004348997958004475,0,-0.029724009335041046,0.9479659795761108,-0.3169809877872467,0,-0.014517001807689667,0.3166790008544922,0.9484220147132874,0,0,10.677154541015625,1.385388970375061,1,-0.12973399460315704,0.009610000066459179,-0.9915019869804382,0,0.9155830144882202,-0.38269200921058655,-0.12351000308990479,0,-0.38062700629234314,-0.9238259792327881,0.040849000215530396,0,8.159377098083496,9.977126121520996,-0.14016500115394592,1,0.9226580262184143,0.3289650082588196,0.20120400190353394,0,-0.3487510085105896,0.48921701312065125,0.7993990182876587,0,0.16454198956489563,-0.8077430129051208,0.5661069750785828,0,0,16.626705169677734,0,1,0.9804710149765015,0.19658797979354858,0.005392999853938818,0,-0.19664998352527618,0.9803429841995239,0.0160209983587265,0,-0.0021370002068579197,-0.01676899753510952,0.9998570084571838,0,0,21.426671981811523,0,1,0.5083770155906677,0.12415198981761932,-0.8521379828453064,0,0.021035997197031975,0.9874669909477234,0.15641897916793823,0,0.8608769774436951,-0.09744599461555481,0.499394029378891,0,0,34.93510437011719,0,1,0.9461849927902222,0.26137301325798035,-0.19083300232887268,0,-0.21099500358104706,0.945339024066925,0.24862700700759888,0,0.245386004447937,-0.19498300552368164,0.9496139883995056,0,-5.531126976013184,3.141443967819214,0,1,0.9886670112609863,0.14748500287532806,0.028030000627040863,0,-0.14880600571632385,0.9874429702758789,0.05303199961781502,0,-0.019856000319123268,-0.05660200119018555,0.9981989860534668,0,-1.3220219612121582,4.914062023162842,0,1,0.9845539927482605,0.17017599940299988,0.04114300012588501,0,-0.1682170033454895,0.984620988368988,-0.04715700075030327,0,-0.04853599891066551,0.03950800001621246,0.9980400204658508,0,0.19079099595546722,5.793838024139404,0,1,0.999888002872467,0.00750999990850687,-0.01296599954366684,0,-0.00750399986281991,0.9999719858169556,0.0004689999914262444,0,0.01296900026500225,-0.00037200000951997936,0.9999160170555115,0,0,8.865632057189941,0.0033370000310242176,1,0.9992020130157471,-0.039767999202013016,0.0037169998977333307,0,0.039767999202013016,0.9992089867591858,0.00011999999696854502,0,-0.0037189999129623175,0.000028000000384054147,0.9999930262565613,0,0.06197100132703781,8.261246681213379,0,1,0.9977189898490906,0.06749799847602844,0.0007750000222586095,0,-0.06749799847602844,0.9977189898490906,-0.000028000000384054147,0,-0.000775999971665442,-0.00002499999027349986,1,0,-0.18438300490379333,5.711742877960205,0,1,-0.1553249955177307,0.0004889988340437412,0.9878630042076111,0,-0.9057369828224182,-0.3992699980735779,-0.14221400022506714,0,0.394353985786438,-0.9168329834938049,0.062459997832775116,0,-8.159377098083496,9.979677200317383,-0.17284800112247467,1,0.9574310183525085,-0.1421079933643341,-0.2512589991092682,0,0.28544101119041443,0.5957440137863159,0.7507410049438477,0,0.04299900308251381,-0.7905020117759705,0.6109480261802673,0,0,16.626705169677734,0,1,0.9368090033531189,-0.34976598620414734,-0.007234000135213137,0,0.3498240113258362,0.9363600015640259,0.029190000146627426,0,-0.0034359998535364866,-0.029875999316573143,0.9995480179786682,0,0,21.435754776000977,0,1,0.43575599789619446,-0.04893500357866287,0.8987339735031128,0,-0.3001520037651062,0.9334629774093628,0.19635599851608276,0,-0.8485429883003235,-0.3553209900856018,0.39207398891448975,0,0,34.91385269165039,0,1,0.9001849889755249,-0.4180940091609955,0.12191999703645706,0,0.3735100030899048,0.8851289749145508,0.2775540053844452,0,-0.22395899891853333,-0.20431199669837952,0.9529420137405396,0,4.671835899353027,3.4724159240722656,0.000003999999989900971,1,0.9584749937057495,0.28419798612594604,-0.023621000349521637,0,-0.28182101249694824,0.9566090106964111,0.07400199770927429,0,0.04362700134515762,-0.06427200138568878,0.9969779849052429,0,0.4199410080909729,4.637803077697754,0,1,0.8530740141868591,-0.5217880010604858,-0.0017849999712780118,0,0.5211740136146545,0.852226972579956,-0.04567800089716911,0,0.025356000289320946,0.038036998361349106,0.9989550113677979,0,1.337298035621643,6.01535701751709,0,1,0.9994549751281738,-0.0005949999904260039,0.03300299867987633,0,0.00021100000594742596,0.9999319911003113,0.011651000007987022,0,-0.033006999641656876,-0.011637999676167965,0.9993870258331299,0,0,8.569920539855957,0.09981100261211395,1,0.9999859929084778,-0.005375000182539225,-0.00016999999934341758,0,0.005375000182539225,0.9999859929084778,0,0,0.00016999999934341758,0,1,0,-0.0016870000399649143,8.041950225830078,0,1,0.9999039769172668,0.013861999846994877,-0.0001539999939268455,0,-0.013861999846994877,0.9999039769172668,0.000001999989990508766,0,0.0001539999939268455,0,1,0,-0.031332001090049744,5.6025471687316895,0,1,-0.9706019759178162,-0.21334099769592285,0.11143600195646286,0,0.22719700634479523,-0.9649220108985901,0.13155700266361237,0,0.0794610008597374,0.15300799906253815,0.9850249886512756,0,17.911487579345703,-4.424811840057373,-0.35127899050712585,1,0.9977800250053406,-0.06654699891805649,-0.0026290020905435085,0,0.05579399690032005,0.8568059802055359,-0.5126109719276428,0,0.036364998668432236,0.511326014995575,0.8586170077323914,0,0,28.662208557128906,0,1,0.9588119983673096,-0.1473110020160675,-0.24285399913787842,0,0.28359299898147583,0.448511004447937,0.8475930094718933,0,-0.015936003997921944,-0.8815540075302124,0.47181400656700134,0,0,26.506521224975586,0,1,0.8809340000152588,0.002785999560728669,-0.4732309877872467,0,0.3664810061454773,0.6286569833755493,0.6859170198440552,0,0.29941099882125854,-0.7776780128479004,0.5527849793434143,0,0,12.680264472961426,0,1,-0.95871502161026,0.22486798465251923,-0.17406998574733734,0,-0.2649860084056854,-0.9285650253295898,0.2599020004272461,0,-0.10319099575281143,0.2952980101108551,0.9498159885406494,0,-17.911487579345703,-4.424811840057373,-0.029843999072909355,1,0.9958620071411133,0.09077998995780945,0.004185001831501722,0,-0.07017099112272263,0.7974039912223816,-0.5993509888648987,0,-0.05774599686264992,0.5965780019760132,0.800475001335144,0,0,28.661733627319336,0,1,0.9599990248680115,0.1398639976978302,0.2425689995288849,0,-0.27988100051879883,0.5049530267715454,0.816510021686554,0,-0.008284998126327991,-0.8517400026321411,0.5238999724388123,0,0,26.521141052246094,0,1,0.8819680213928223,-0.0000340000115102157,0.47130900621414185,0,-0.37139299511909485,0.6156209707260132,0.6950380206108093,0,-0.2901720106601715,-0.7880420088768005,0.5429450273513794,0,0,12.433868408203125,0,1
K0.100,0.983132004737854,0.01475599966943264,0.18230099976062775,0,-0.010355999693274498,0.9996320009231567,-0.02506599947810173,0,-0.18260399997234344,0.022755000740289688,0.9829229712486267,0,0.16025499999523163,66.25960540771484,-0.27310800552368164,1,0.9988020062446594,0.036928001791238785,-0.032106999307870865,0,-0.03824299946427345,0.9984109997749329,-0.04138299822807312,0,0.030527999624609947,0.04256099835038185,0.9986270070075989,0,0,7.964667797088623,-0.6217259764671326,1,0.9974989891052246,-0.008648999966681004,-0.07015500217676163,0,0.01368900015950203,0.9973340034484863,0.0716790035367012,0,0.06934799998998642,-0.07246000319719315,0.9949569702148438,0,0,9.32037353515625,0,1,0.9974480271339417,-0.00864499993622303,-0.07086899876594543,0,0.013686999678611755,0.9973840117454529,0.07097099721431732,0,0.07007099688053131,-0.07175999879837036,0.9949579834938049,0,0,10.65185832977295,0,1,0.9996849894523621,-0.024354999884963036,-0.006126000080257654,0,0.024935999885201454,0.9915509819984436,0.12729699909687042,0,0.002974000060930848,-0.12740999460220337,0.9918460249900818,0,0,11.983349800109863,0,1,0.9994540214538574,0.03287399932742119,0.003212000010535121,0,-0.03016499988734722,0.9480410218238831,-0.31671398878097534,0,-0.013457000255584717,0.316444993019104,0.948514997959137,0,0,10.677154541015625,1.385388970375061,1,-0.12971100211143494,0.009597999975085258,-0.9915050268173218,0,0.9156439900398254,-0.38255199790000916,-0.12348999828100204,0,-0.38048699498176575,-0.9238839745521545,0.0408330000936985,0,8.159377098083496,9.977126121520996,-0.14016500115394592,1,0.9223719835281372,0.3295769989490509,0.2015170007944107,0,-0.3493880033493042,0.48918700218200684,0.7991390228271484,0,0.16479900479316711,-0.8075109720230103,0.5663629770278931,0,0,16.626705169677734,0,1,0.9803249835968018,0.19731800258159637,0.005404999945312738,0,-0.19738000631332397,0.9801949858665466,0.01608099974691868,0,-0.0021250001154839993,-0.01683099940419197,0.9998559951782227,0,0,21.426671981811523,0,1,0.5048990249633789,0.1259559988975525,-0.8539389967918396,0,0.018830999732017517,0.9874539971351624,0.15678299963474274,0,0.8629729747772217,-0.09523999691009521,0.496192991733551,0,0,34.93510437011719,0,1,0.9461849927902222,0.26137301325798035,-0.19083300232887268,0,-0.21099500358104706,0.945339024066925,0.24862700700759888,0,0.245386004447937,-0.19498300552368164,0.9496139883995056,0,-5.531126976013184,3.141443967819214,0,1,0.9886670112609863,0.14748500287532806,0.028030000627040863,0,-0.14880600571632385,0.9874429702758789,0.05303199961781502,0,-0.019856000319123268,-0.05660200119018555,0.9981989860534668,0,-1.3220219612121582,4.914062023162842,0,1,0.9845539927482605,0.17017599940299988,0.04114300012588501,0,-0.1682170033454895,0.984620988368988,-0.04715700075030327,0,-0.04853599891066551,0.03950800001621246,0.9980400204658508,0,0.19079099595546722,5.793838024139404,0,1,0.999888002872467,0.00750999990850687,-0.01296599954366684,0,-0.00750399986281991,0.9999719858169556,0.0004689999914262444,0,0.01296900026500225,-0.00037200000951997936,0.9999160170555115,0,0,8.865632057189941,0.0033370000310242176,1,0.9992020130157471,-0.039767999202013016,0.0037169998977333307,0,0.03976700082421303,0.9992089867591858,0.00011999999696854502,0,-0.0037189999129623175,0.000028000000384054147,0.9999930262565613,0,0.06197100132703781,8.261246681213379,0,1,0.9977189898490906,0.06749700009822845,0.0007750000222586095,0,-0.06749700009822845,0.9977189898490906,-0.000028000000384054147,0,-0.0007750000222586095,-0.00002499999936844688,1,0,-0.18438300490379333,5.711742877960205,0,1,-0.1558140069246292,0.0007029999978840351,0.9877859950065613,0,-0.9056900143623352,-0.3992449939250946,-0.14258000254631042,0,0.3942689895629883,-0.9168440103530884,0.06284499913454056,0,-8.159377098083496,9.979677200317383,-0.17284800112247467,1,0.9579830169677734,-0.14207600057125092,-0.24916400015354156,0,0.2837820053100586,0.5956760048866272,0.7514240145683289,0,0.04166200011968613,-0.7905600070953369,0.6109660267829895,0,0,16.626705169677734,0,1,0.9352110028266907,-0.35401299595832825,-0.007366999983787537,0,0.3540720045566559,0.9347509741783142,0.029543999582529068,0,-0.0035729999653995037,-0.030239000916481018,0.9995359778404236,0,0,21.435754776000977,0,1,0.43472298979759216,-0.046987999230623245,0.8993380069732666,0,-0.3019149899482727,0.9332410097122192,0.1946990042924881,0,-0.8484479784965515,-0.35616400837898254,0.39151498675346375,0,0,34.91385269165039,0,1,0.9001849889755249,-0.4180940091609955,0.12191999703645706,0,0.3735100030899048,0.8851289749145508,0.2775540053844452,0,-0.22395899891853333,-0.20431199669837952,0.9529420137405396,0,4.671835899353027,3.4724159240722656,0.000003999999989900971,1,0.9584749937057495,0.28419798612594604,-0.023621000349521637,0,-0.28182101249694824,0.9566090106964111,0.07400199770927429,0,0.04362700134515762,-0.06427299976348877,0.9969779849052429,0,0.4199410080909729,4.637803077697754,0,1,0.8530740141868591,-0.5217880010604858,-0.0017849999712780118,0,0.5211740136146545,0.852226972579956,-0.04567800089716911,0,0.025356000289320946,0.038036998361349106,0.9989550113677979,0,1.337298035621643,6.01535701751709,0,1,0.9994549751281738,-0.0005949999904260039,0.03300299867987633,0,0.00021100000594742596,0.9999319911003113,0.011651000007987022,0,-0.033006999641656876,-0.011637000367045403,0.9993870258331299,0,0,8.569920539855957,0.09981100261211395,1,0.9999859929084778,-0.005375000182539225,-0.00016999999934341758,0,0.005375000182539225,0.9999859929084778,0,0,0.00016999999934341758,0,1,0,-0.0016870000399649143,8.041950225830078,0,1,0.9999039769172668,0.013861999846994877,-0.0001539999939268455,0,-0.013861999846994877,0.9999039769172668,0.0000019999999949504854,0,0.0001539999939268455,0,1,0,-0.031332001090049744,5.6025471687316895,0,1,-0.9706969857215881,-0.21290600299835205,0.11143500357866287,0,0.22682100534439087,-0.964913010597229,0.13226500153541565,0,0.07936500012874603,0.15366500616073608,0.9849309921264648,0,17.911487579345703,-4.424811840057373,-0.35127899050712585,1,0.997750997543335,-0.06699500232934952,-0.0020000000949949026,0,0.056449998170137405,0.8560450077056885,-0.5138099789619446,0,0.0361349992454052,0.5125420093536377,0.8579019904136658,0,0,28.662208557128906,0,1,0.9592400193214417,-0.14515699446201324,-0.24246099591255188,0,0.2822380065917969,0.4492090046405792,0.8476750254631042,0,-0.01413000002503395,-0.88155597448349,0.47186800837516785,0,0,26.506521224975586,0,1,0.8808810114860535,0.003100000089034438,-0.47332799434661865,0,0.36652299761772156,0.6282920241355896,0.6862279772758484,0,0.2995159924030304,-0.7779710292816162,0.5523149967193604,0,0,12.680264472961426,0,1,-0.958299994468689,0.22582100331783295,-0.17511500418186188,0,-0.2661910057067871,-0.9283040165901184,0.2596049904823303,0,-0.10393600165843964,0.2953929901123047,0.9497050046920776,0,-17.911487579345703,-4.424811840057373,-0.029843999072909355,1,0.9957839846611023,0.09164900332689285,0.0038479999639093876,0,-0.07102199643850327,0.7968559861183167,-0.5999799966812134,0,-0.05805400013923645,0.5971770286560059,0.8000059723854065,0,0,28.661733627319336,0,1,0.960070013999939,0.13944700360298157,0.24252699315547943,0,-0.2796249985694885,0.5050560235977173,0.8165339827537537,0,-0.008627000264823437,-0.8517469763755798,0.5238819718360901,0,0,26.521141052246094,0,1,0.8819680213928223,-0.000035000000934815034,0.47130900621414185,0,-0.37139299511909485,0.6156209707260132,0.6950380206108093,0,-0.2901720106601715,-0.7880430221557617,0.5429450273513794,0,0,12.433868408203125,0,1
