0.700,30,20,41
B0,mixamorig_Hips,-1,0.9983992576599121,-0.04774269834160805,-0.030006110668182373,0,0.05128204822540283,0.989952027797699,0.13162341713905334,0,0.02340223267674446,-0.1329430490732193,0.9908297657966614,0,-0.778514564037323,63.42441177368164,0.5430677533149719,1
B1,mixamorig_Spine,0,0.9933714270591736,0.0230953898280859,0.1125916987657547,0,-0.02291044406592846,0.9997320771217346,-0.0029447991400957108,0,-0.11263137310743332,0.00034819074789993465,0.993635356426239,0,0,7.964667797088623,-0.6217259764671326,1
B2,mixamorig_Spine1,1,0.9841283559799194,0.041471004486083984,0.1724981963634491,0,-0.06749475747346878,0.9866930842399597,0.1479039490222931,0,-0.1640695333480835,-0.1572015881538391,0.9738314151763916,0,0,9.32037353515625,0,1
B3,mixamorig_Spine2,2,0.9841283559799194,0.041471004486083984,0.1724981963634491,0,-0.06749475747346878,0.9866930842399597,0.1479039490222931,0,-0.1640695333480835,-0.1572015881538391,0.9738314151763916,0,0,10.65185832977295,0,1
B4,mixamorig_Neck,3,0.9952842593193054,-0.02336648665368557,-0.09410212934017181,0,0.013631085865199566,0.9946045279502869,-0.10265336185693741,0,0.09598295390605927,0.10089036822319031,0.9902355670928955,0,0,11.983349800109863,9.999999974752427e-7,1
B5,mixamorig_Head,4,0.9782688021659851,-0.03925156965851784,-0.20331020653247833,0,0.0006027112249284983,0.9823282957077026,-0.18683932721614838,0,0.20711731910705566,0.18271076679229736,0.9610849022865295,0,0,10.677154541015625,1.385388970375061,1
B6,mixamorig_HeadTop_End,5,1,0,0,0,0,1,0,0,0,0,1,0,0,72.67863464355469,9.430248260498047,1
B7,mixamorig_LeftShoulder,3,0.07093190401792526,0.018372677266597748,-0.997311532497406,0,0.9152644276618958,-0.39869168400764465,0.057751212269067764,0,-0.3965595066547394,-0.9169003963470459,-0.04509568586945534,0,8.159377098083496,9.977126121520996,-0.14016500115394592,1
B8,mixamorig_LeftArm,7,0.9718698859214783,-0.15331867337226868,0.17809931933879852,0,-0.005842783022671938,0.7417728900909424,0.670447826385498,0,-0.23496206104755402,-0.6528080105781555,0.7201603651046753,0,0,16.626705169677734,0,1
B9,mixamorig_LeftForeArm,8,-0.4460713863372803,0.8730612993240356,0.19652144610881805,0,-0.8840456604957581,-0.4640015661716461,0.05470244213938713,0,0.13895955681800842,-0.14931277930736542,0.9789708256721497,0,0,21.426671981811523,0,1
B10,mixamorig_LeftHand,9,0.8649674654006958,0.42071178555488586,-0.273541122674942,0,-0.4355798661708832,0.900102436542511,0.006963769905269146,0,0.24914094805717468,0.1131213828921318,0.9618152379989624,0,0,34.93510437011719,0,1
B11,mixamorig_LeftHandThumb1,10,0.8645860552787781,0.4938249886035919,-0.09288199990987778,0,-0.4213060140609741,0.8131549954414368,0.4015980064868927,0,0.27384600043296814,-0.30808401107788086,0.9110940098762512,0,-5.531126976013184,3.141443967819214,0,1
B12,mixamorig_LeftHandThumb2,11,0.9989060163497925,0.037960998713970184,0.027324069291353226,0,-0.0394820012152195,0.997564971446991,0.05748499929904938,0,-0.02507600001990795,-0.058501001447439194,0.9979720115661621,0,-1.3220219612121582,4.914062023162842,0,1
B13,mixamorig_LeftHandThumb3,12,0.977167010307312,0.20672400295734406,0.04908499866724014,0,-0.2063779979944229,0.9783980250358582,-0.012068068608641624,0,-0.050519928336143494,0.0016629999736323953,0.9987220168113708,0,0.19079099595546722,5.793838024139404,0,1
B14,mixamorig_LeftHandThumb4,13,1,0,0,0,0,1,0,0,0,0,1,0,1.1312299966812134,4.6004509925842285,0,1
B15,mixamorig_LeftHandIndex1,10,0.94809490442276,0.24979688227176666,0.19676831364631653,0,-0.24374271929264069,0.1734808385372162,0.9541966319084167,0,0.204220250248909,-0.9526294469833374,0.22536198794841766,0,0,8.865632057189941,0.0033370000310242176,1
B16,mixamorig_LeftHandIndex2,15,0.9509793519973755,0.21615557372570038,0.2211659848690033,0,-0.23632244765758514,0.04665343463420868,0.970552384853363,0,0.19947324693202972,-0.9752423763275146,0.09544902294874191,0,0.06197100132703781,8.261246681213379,0,1
B17,mixamorig_LeftHandIndex3,16,0.9977189898490906,0.06749700009822845,0.0007750000222586095,0,-0.06749700009822845,0.9977189898490906,-0.000028000000384054147,0,-0.0007750000222586095,-0.000024000000848900527,1,0,-0.18438300490379333,5.711742877960205,0,1
B18,mixamorig_LeftHandIndex4,17,1,0,0,0,0,1,0,0,0,0,1,0,0.12241200357675552,3.468430995941162,0,1
B19,mixamorig_RightShoulder,3,-0.059510793536901474,-0.01478555053472519,0.9981182217597961,0,-0.9616057872772217,-0.26749086380004883,-0.06129523739218712,0,0.2678928077220917,-0.9634443521499634,0.0017017971258610487,0,-8.159377098083496,9.979677200317383,-0.17284800112247467,1
B20,mixamorig_RightArm,19,0.6835073828697205,0.6462235450744629,0.3393954932689667,0,-0.7272546887397766,0.5630335211753845,0.39247408509254456,0,0.0625462681055069,-0.5150838494300842,0.854809045791626,0,0,16.626705169677734,0,1
B21,mixamorig_RightForeArm,20,0.17256207764148712,-0.9828387498855591,-0.06432733684778214,0,0.9393238425254822,0.14457497000694275,0.31087642908096313,0,-0.29626819491386414,-0.1141195073723793,0.9482561945915222,0,0,21.435754776000977,0,1
B22,mixamorig_RightHand,21,0.940594494342804,-0.27844440937042236,0.19404183328151703,0,0.25632500648498535,0.9575256705284119,0.131636381149292,0,-0.2225285917520523,-0.07410600036382675,0.9720814824104309,0,0,34.91385269165039,0,1
B23,mixamorig_RightHandThumb1,22,0.841037929058075,-0.5373709797859192,0.062354207038879395,0,0.4450809359550476,0.7528579831123352,0.4848790466785431,0,-0.30750322341918945,-0.380048930644989,0.8723549842834473,0,4.671835899353027,3.4724159240722656,0.000003999999989900971,1
B24,mixamorig_RightHandThumb2,23,0.892021119594574,0.45170068740844727,-0.01630561798810959,0,-0.44883859157562256,0.8894709348678589,0.08593383431434631,0,0.05331975966691971,-0.06933555752038956,0.9961677193641663,0,0.4199410080909729,4.637803077697754,0,1
B25,mixamorig_RightHandThumb3,24,0.8504359722137451,-0.5258449912071228,-0.01568399928510189,0,0.525829017162323,0.8505730032920837,-0.00546099990606308,0,0.01621199958026409,-0.003602999961003661,0.999862015247345,0,1.337298035621643,6.01535701751709,0,1
B26,mixamorig_RightHandThumb4,25,1,0,0,0,0,1,0,0,0,0,1,0,-1.7572389841079712,5.047922134399414,0,1
B27,mixamorig_RightHandIndex1,22,0.9814674258232117,-0.1915290504693985,-0.006182889454066753,0,0.08836571127176285,0.4237197935581207,0.9014700651168823,0,-0.17003867030143738,-0.8853102922439575,0.4327924847602844,0,0,8.569920539855957,0.09981100261211395,1
B28,mixamorig_RightHandIndex2,27,0.9425171613693237,-0.2315605729818344,-0.2409174144268036,0,0.27204591035842896,0.11307191103696823,0.9556155800819397,0,-0.1940433233976364,-0.9662244915962219,0.1695675402879715,0,-0.0016870000399649143,8.041950225830078,0,1
B29,mixamorig_RightHandIndex3,28,0.9999039769172668,0.013861930929124355,-0.0001539999939268455,0,-0.013861930929124355,0.9999039769172668,0.000001930826101670391,0,0.0001539999939268455,9.999999974752427e-7,1,0,-0.031332001090049744,5.6025471687316895,0,1
B30,mixamorig_RightHandIndex4,29,1,0,0,0,0,1,0,0,0,0,1,0,0.03302000090479851,3.9876890182495117,0,1
B31,mixamorig_LeftUpLeg,0,-0.9933129549026489,-0.07480361312627792,0.08792180567979813,0,-0.004139366094022989,-0.7380533218383789,-0.6747103929519653,0,0.1153704822063446,-0.6705635190010071,0.7328097224235535,0,17.911487579345703,-4.424811840057373,-0.35127899050712585,1
B32,mixamorig_LeftLeg,31,0.9875876307487488,-0.04076993092894554,-0.15086407959461212,0,-0.03693801909685135,0.8711717128753662,-0.48414817452430725,0,0.15162742137908936,0.48379209637641907,0.8587731719017029,0,0,28.662208557128906,0,1
B33,mixamorig_LeftFoot,32,0.9773495197296143,-0.06945253908634186,-0.19973330199718475,0,0.19664792716503143,0.6446533203125,0.7385494112968445,0,0.07737693935632706,-0.7610973119735718,0.6437810659408569,0,0,26.506521224975586,0,1
B34,mixamorig_LeftToeBase,33,0.8746801018714905,-0.08656460791826248,-0.4768669605255127,0,0.4336566627025604,0.5792278051376343,0.690199613571167,0,0.21649901568889618,-0.8105008602142334,0.5441857576370239,0,0,12.680264472961426,0,1
B35,mixamorig_LeftToe_End,34,1,0,0,0,0,1,0,0,0,0,1,0,0,5.151862144470215,0,1
B36,mixamorig_RightUpLeg,0,-0.9981784224510193,-0.027727577835321426,-0.05355135351419449,0,-0.02689363621175289,-0.5901405215263367,0.8068495988845825,0,-0.05397677421569824,0.8068235516548157,0.5883201360702515,0,-17.911487579345703,-4.424811840057373,-0.029843999072909355,1
B37,mixamorig_RightLeg,36,0.9932277202606201,0.0752151757478714,-0.08592649549245834,0,-0.08638102561235428,0.987228512763977,-0.13380290567874908,0,0.07475366443395615,0.1403857171535492,0.9870414137840271,0,0,28.661733627319336,0,1
B38,mixamorig_RightFoot,37,0.9726768732070923,0.130027636885643,0.19091762602329254,0,-0.20338791608810425,0.8727206587791443,0.4429522454738617,0,-0.10873302817344666,-0.4696255326271057,0.8758633136749268,0,0,26.521141052246094,0,1
B39,mixamorig_RightToeBase,38,0.7277330160140991,-0.0180541779845953,0.685570240020752,0,-0.5704557299613953,0.5389199256896973,0.6197360157966614,0,-0.3806847035884857,-0.842155933380127,0.3818986415863037,0,0,12.433868408203125,0,1
B40,mixamorig_RightToe_End,39,1,0,0,0,0,1,0,0,0,0,1,0,0,5.0621209144592285,0,1
@34,0,1,2,3,4,5,7,8,9,10,11,12,13,15,16,17,19,20,21,22,23,24,25,27,28,29,31,32,33,34,36,37,38,39
K0.000,0.9986820220947266,-0.02051600068807602,-0.04704599827528,0,0.024862000718712807,0.9952870011329651,0.09373299777507782,0,0.04490099847316742,-0.09477899968624115,0.9944850206375122,0,-0.25906801223754883,65.1808090209961,-2.9846060276031494,1,0.999629020690918,-0.0016159999649971724,-0.027171999216079712,0,0.0018479999853298068,0.9999619722366333,0.00853000022470951,0,0.027156999334692955,-0.008577000349760056,0.99959397315979,0,0,7.964667797088623,-0.6217259764671326,1,0.998354971408844,0.041196998208761215,-0.03988099843263626,0,-0.033727001398801804,0.9844160079956055,0.1725890040397644,0,0.0463699996471405,-0.17095999419689178,0.9841859936714172,0,0,9.32037353515625,0,1,0.998354971408844,0.041196998208761215,-0.03988099843263626,0,-0.033727001398801804,0.9844160079956055,0.1725890040397644,0,0.0463699996471405,-0.17095999419689178,0.9841859936714172,0,0,10.65185832977295,0,1,0.9984650015830994,-0.004674999974668026,0.05518599972128868,0,0.007577000185847282,0.9985920190811157,-0.05249499902129173,0,-0.05486299842596054,0.05283299833536148,0.997094988822937,0,0,11.983349800109863,0,1,0.9875940084457397,-0.057728998363018036,0.14603599905967712,0,0.0908150002360344,0.9686490297317505,-0.23123900592327118,0,-0.12810799479484558,0.24163199961185455,0.9618740081787109,0,0,10.677154541015625,1.385388970375061,1,-0.005940999835729599,0.021841999143362045,-0.9997439980506897,0,0.9307659864425659,-0.36536601185798645,-0.013512999750673771,0,-0.36556699872016907,-0.9306079745292664,-0.01815900020301342,0,8.159377098083496,9.977126121520996,-0.14016500115394592,1,0.8560159802436829,-0.41277000308036804,-0.3112190067768097,0,0.49886101484298706,0.5017300248146057,0.7066860198974609,0,-0.13555100560188293,-0.7601900100708008,0.6354039907455444,0,0,16.626705169677734,0,1,-0.21417999267578125,0.9690189957618713,0.12300100177526474,0,-0.9322860240936279,-0.2403710037469864,0.27030399441719055,0,0.29149600863456726,-0.05677799880504608,0.9548860192298889,0,0,21.426671981811523,0,1,0.8503860235214233,0.3357140123844147,-0.40514200925827026,0,-0.3454039990901947,0.9370419979095459,0.05146700143814087,0,0.39691299200057983,0.09617099910974503,0.9128040075302124,0,0,34.93510437011719,0,1,0.8645870089530945,0.4938249886035919,-0.09288199990987778,0,-0.4213060140609741,0.8131549954414368,0.4015969932079315,0,0.27384600043296814,-0.30808401107788086,0.9110940098762512,0,-5.531126976013184,3.141443967819214,0,1,0.9989060163497925,0.037960998713970184,0.027324000373482704,0,-0.0394820012152195,0.997564971446991,0.057486001402139664,0,-0.02507600001990795,-0.058501001447439194,0.9979720115661621,0,-1.3220219612121582,4.914062023162842,0,1,0.977167010307312,0.20672400295734406,0.04908499866724014,0,-0.2063779979944229,0.9783980250358582,-0.01206899993121624,0,-0.050519999116659164,0.0016629999736323953,0.9987220168113708,0,0.19079099595546722,5.793838024139404,0,1,0.9499170184135437,0.24855999648571014,0.189410999417305,0,-0.24232999980449677,0.20318299531936646,0.9486799836158752,0,0.19731900095939636,-0.9470660090446472,0.2532399892807007,0,0,8.865632057189941,0.0033370000310242176,1,0.953095018863678,0.21474100649356842,0.21330000460147858,0,-0.23419299721717834,0.07677999883890152,0.9691529870033264,0,0.1917400062084198,-0.9736480116844177,0.12346900254487991,0,0.06197100132703781,8.261246681213379,0,1,0.9977189898490906,0.06749700009822845,0.000775999971665442,0,-0.06749700009822845,0.9977189898490906,-0.000028000000384054147,0,-0.000775999971665442,-0.00002499999936844688,1,0,-0.18438300490379333,5.711742877960205,0,1,0.07347500324249268,-0.01696000061929226,0.9971529841423035,0,-0.9233459830284119,-0.3789980113506317,0.061590999364852905,0,0.37687399983406067,-0.925242006778717,-0.04350699856877327,0,-8.159377098083496,9.979677200317383,-0.17284800112247467,1,0.9653099775314331,0.2515679895877838,0.06992799788713455,0,-0.2343599945306778,0.7167059779167175,0.6568160057067871,0,0.11511600017547607,-0.6504200100898743,0.7508010268211365,0,0,16.626705169677734,0,1,0.03711099922657013,-0.9900000095367432,-0.13609999418258667,0,0.986158013343811,0.01425699982792139,0.16519400477409363,0,-0.16160200536251068,-0.14034700393676758,0.9768249988555908,0,0,21.435754776000977,0,1,0.9687830209732056,-0.10615400224924088,0.22403299808502197,0,0.09999799728393555,0.9942349791526794,0.038679998368024826,0,-0.22684800624847412,-0.01506900042295456,0.9738140106201172,0,0,34.91385269165039,0,1,0.8271980285644531,-0.5592399835586548,0.054715998470783234,0,0.46931299567222595,0.7411500215530396,0.48004499077796936,0,-0.3090130090713501,-0.371412992477417,0.8755360245704651,0,4.671835899353027,3.4724159240722656,0.000003999999989900971,1,0.9422490000724792,0.3333370089530945,-0.03245599940419197,0,-0.33162999153137207,0.942156970500946,0.048590000718832016,0,0.046776000410318375,-0.035020001232624054,0.998291015625,0,0.4199410080909729,4.637803077697754,0,1,0.8504359722137451,-0.5258449912071228,-0.015684999525547028,0,0.525829017162323,0.8505730032920837,-0.00546099990606308,0,0.01621299982070923,-0.0036039999686181545,0.999862015247345,0,1.337298035621643,6.01535701751709,0,1,0.9736359715461731,-0.22499899566173553,-0.03752899914979935,0,0.10224500298500061,0.28339600563049316,0.9535369873046875,0,-0.2039089947938919,-0.9322350025177002,0.29892998933792114,0,0,8.569920539855957,0.09981100261211395,1,0.9309229850769043,-0.23236499726772308,-0.28176000714302063,0,0.28069499135017395,-0.03835200145840645,0.9590309858322144,0,-0.23365099728107452,-0.9718719720840454,0.029520999640226364,0,-0.0016870000399649143,8.041950225830078,0,1,0.9999039769172668,0.013861999846994877,-0.0001539999939268455,0,-0.013861999846994877,0.9999039769172668,0.0000019999999949504854,0,0.0001539999939268455,0,1,0,-0.031332001090049744,5.6025471687316895,0,1,-0.9822559952735901,0.15399500727653503,0.10705000162124634,0,-0.048374999314546585,-0.7595059871673584,0.6486989855766296,0,0.1812009960412979,0.6320099830627441,0.75347900390625,0,17.911487579345703,-4.424811840057373,-0.35127899050712585,1,0.9574549794197083,0.24161699414253235,-0.15779800713062286,0,-0.043389998376369476,-0.420058012008667,-0.9064589738845825,0,-0.28529998660087585,0.8747410178184509,-0.3917039930820465,0,0,28.662208557128906,0,1,0.9739469885826111,0.11440200358629227,-0.19580399990081787,0,0.14089199900627136,0.37131598591804504,0.9177550077438354,0,0.17769800126552582,-0.9214320182800293,0.34552299976348877,0,0,26.506521224975586,0,1,0.8906149864196777,-0.09106700122356415,-0.4455470144748688,0,0.4149189889431,0.5637459754943848,0.714165985584259,0,0.18613800406455994,-0.8209130167961121,0.5398659706115723,0,0,12.680264472961426,0,1,-0.9961299896240234,-0.042546000331640244,-0.07690399885177612,0,0.01804099977016449,-0.9553719758987427,0.294854998588562,0,-0.08601699769496918,0.2923260033130646,0.9524419903755188,0,-17.911487579345703,-4.424811840057373,-0.029843999072909355,1,0.9983130097389221,0.057778000831604004,-0.005735999904572964,0,-0.042778000235557556,0.6651279926300049,-0.7455030083656311,0,-0.03925799950957298,0.7444909811019897,0.6664779782295227,0,0,28.661733627319336,0,1,0.9738479852676392,-0.059661999344825745,0.21922600269317627,0,-0.17242799699306488,0.434239000082016,0.8841410279273987,0,-0.14794600009918213,-0.8988199830055237,0.4125959873199463,0,0,26.521141052246094,0,1,0.746878981590271,-0.01337399985641241,0.6648250222206116,0,-0.5806429982185364,0.4741469919681549,0.6618450284004211,0,-0.3240770101547241,-0.8803439736366272,0.3463650047779083,0,0,12.433868408203125,0,1
K0.033,0.9991170167922974,-0.0035468852147459984,-0.04187212884426117,0,0.007482894696295261,0.9955210089683533,0.09423995018005371,0,0.041350141167640686,-0.09446994215250015,0.9946690201759338,0,0.19422484934329987,66.24514770507812,-2.773076295852661,1,0.9990860223770142,-0.006295043043792248,-0.042272210121154785,0,0.006365037523210049,0.9999790191650391,0.0015209177508950233,0,0.042262207716703415,-0.0017879215301945806,0.9991049766540527,0,0,7.964667797088623,-0.6217259764671326,1,0.9959899187088013,0.03378389775753021,-0.08284638077020645,0,-0.0202618595212698,0.9870820045471191,0.1589268296957016,0,0.0871453583240509,-0.15661083161830902,0.9838079810142517,0,0,9.32037353515625,0,1,0.9959899187088013,0.03378389775753021,-0.08284638077020645,0,-0.0202618595212698,0.9870820045471191,0.1589268296957016,0,0.0871453583240509,-0.15661083161830902,0.9838079810142517,0,0,10.65185832977295,0,1,0.9968960285186768,-0.014892905950546265,0.07730331271886826,0,0.019105903804302216,0.9983559846878052,-0.05404582992196083,0,-0.07637131959199905,0.05535482242703438,0.9955419898033142,0,0,11.983349800109863,0,1,0.9757938385009766,-0.042688947170972824,0.21448369324207306,0,0.08379700779914856,0.9788930416107178,-0.18640269339084625,0,-0.2019997090101242,0.1998637318611145,0.9587758779525757,0,0,10.677154541015625,1.385388970375061,1,-0.02034316398203373,0.02261100523173809,-0.9995369911193848,0,0.9343860745429993,-0.3552338778972626,-0.02705315500497818,0,-0.3556818664073944,-0.9345040321350098,-0.01390095241367817,0,8.159377098083496,9.977126121520996,-0.14016500115394592,1,0.8341338634490967,-0.4465451240539551,-0.3237561583518982,0,0.5378912091255188,0.5286994576454163,0.6566203236579895,0,-0.12204055488109589,-0.721854567527771,0.6811984777450562,0,0,16.626705169677734,0,1,-0.10484486818313599,0.9927250742912292,0.05919729545712471,0,-0.9440460205078125,-0.11806770414113998,0.3079562187194824,0,0.3127051889896393,-0.023597687482833862,0.9495569467544556,0,0,21.426671981811523,0,1,0.8338039517402649,0.3340890109539032,-0.43949416279792786,0,-0.3428720235824585,0.9373319745063782,0.0620340071618557,0,0.43267711997032166,0.0989670529961586,0.8961009383201599,0,0,34.93510437011719,0,1,0.8645859956741333,0.4938249886035919,-0.09288199990987778,0,-0.4213060140609741,0.8131549954414368,0.4015969932079315,0,0.27384600043296814,-0.30808401107788086,0.9110940098762512,0,-5.531126976013184,3.141443967819214,0,1,0.9989060163497925,0.037960998713970184,0.02732500061392784,0,-0.0394820012152195,0.997564971446991,0.05748499929904938,0,-0.02507600001990795,-0.058501001447439194,0.9979720115661621,0,-1.3220219612121582,4.914062023162842,0,1,0.977167010307312,0.20672400295734406,0.04908499866724014,0,-0.2063779979944229,0.9783980250358582,-0.01206899993121624,0,-0.050519999116659164,0.0016629999736323953,0.9987220168113708,0,0.19079099595546722,5.793838024139404,0,1,0.9514840841293335,0.2473049759864807,0.1830778568983078,0,-0.24093295633792877,0.22872260212898254,0.9432058334350586,0,0.19138586521148682,-0.941554844379425,0.2772095799446106,0,0,8.865632057189941,0.0033370000310242176,1,0.9549040794372559,0.21331195533275604,0.20653283596038818,0,-0.23215794563293457,0.10277561843395233,0.9672329425811768,0,0.18509584665298462,-0.971562922000885,0.14766258001327515,0,0.06197100132703781,8.261246681213379,0,1,0.9977189898490906,0.06749700009822845,0.0007750000222586095,0,-0.06749700009822845,0.9977189898490906,-0.000028000000384054147,0,-0.0007750000222586095,-0.000024000000848900527,1,0,-0.18438300490379333,5.711742877960205,0,1,0.10213015228509903,-0.019605999812483788,0.9945780038833618,0,-0.9279270172119141,-0.36219003796577454,0.0881461352109909,0,0.3584980368614197,-0.9318979978561401,-0.055183060467243195,0,-8.159377098083496,9.979677200317383,-0.17284800112247467,1,0.9852290153503418,0.1704719215631485,-0.016198191791772842,0,-0.11572381108999252,0.7325519919395447,0.6708019971847534,0,0.12621909379959106,-0.6590189933776855,0.7414599657058716,0,0,16.626705169677734,0,1,-0.016671741381287575,-0.987082839012146,-0.1593436449766159,0,0.9903559684753418,-0.03822479769587517,0.13316978514194489,0,-0.13753998279571533,-0.15558654069900513,0.9781998991966248,0,0,21.435754776000977,0,1,0.9679079651832581,-0.12712892889976501,0.21677730977535248,0,0.12276492267847061,0.991868793964386,0.03353816270828247,0,-0.21927836537361145,-0.00584910623729229,0.975645124912262,0,0,34.91385269165039,0,1,0.8284300565719604,-0.5573479533195496,0.05537501350045204,0,0.4672149419784546,0.7421960234642029,0.48047399520874023,0,-0.3088900148868561,-0.37216702103614807,0.8752589821815491,0,4.671835899353027,3.4724159240722656,0.000003999999989900971,1,0.9386568665504456,0.3434322476387024,-0.03125397115945816,0,-0.34161925315856934,0.9384118914604187,0.05175607651472092,0,0.047104012221097946,-0.03790407255291939,0.9981709718704224,0,0.4199410080909729,4.637803077697754,0,1,0.8504359722137451,-0.5258439779281616,-0.01568399928510189,0,0.5258280038833618,0.8505730032920837,-0.00546099990606308,0,0.01621199958026409,-0.003602999961003661,0.999862015247345,0,1.337298035621643,6.01535701751709,0,1,0.9728590250015259,-0.2278030663728714,-0.04062807932496071,0,0.10324802249670029,0.2702076733112335,0.9572500586509705,0,-0.20708706974983215,-0.935464084148407,0.2863937020301819,0,0,8.569920539855957,0.09981100261211395,1,0.9298499822616577,-0.23212099075317383,-0.2854810953140259,0,0.28116801381111145,-0.05219433829188347,0.9582380056381226,0,-0.23732808232307434,-0.9712859988212585,0.01673268713057041,0,-0.0016870000399649143,8.041950225830078,0,1,0.9999039769172668,0.013861999846994877,-0.0001539999939268455,0,-0.013861999846994877,0.9999039769172668,0,0,0.0001539999939268455,0,1,0,-0.031332001090049744,5.6025471687316895,0,1,-0.9928420782089233,0.10992661863565445,0.04669860377907753,0,-0.02727506496012211,-0.5893456339836121,0.8074202537536621,0,0.11627847701311111,0.8003672957420349,0.5881256461143494,0,17.911487579345703,-4.424811840057373,-0.35127899050712585,1,0.9868850111961365,0.15770873427391052,-0.034436509013175964,0,-0.0053232330828905106,-0.1814192235469818,-0.9833906888961792,0,-0.1613379865884781,0.9706767797470093,-0.1782003939151764,0,0,28.662208557128906,0,1,0.963887095451355,-0.10309084504842758,-0.24554769694805145,0,0.26613500714302063,0.40634673833847046,0.8741022348403931,0,0.00966625101864338,-0.9078850746154785,0.41910842061042786,0,0,26.506521224975586,0,1,0.8569570183753967,0.07439932227134705,-0.5099900364875793,0,0.32584384083747864,0.6884540915489197,0.6479634046554565,0,0.3993121385574341,-0.7214537858963013,0.565732479095459,0,0,12.680264472961426,0,1,-0.9928998947143555,0.006419858429580927,-0.1187823936343193,0,0.007037821225821972,-0.9936229586601257,-0.1125314012169838,0,-0.11874764412641525,-0.11256831884384155,0.9865218997001648,0,-17.911487579345703,-4.424811840057373,-0.029843999072909355,1,0.9950998425483704,0.07273399829864502,0.06698041409254074,0,-0.03517216071486473,0.8934839963912964,-0.44771459698677063,0,-0.09241022169589996,0.44316452741622925,0.8916638493537903,0,0,28.661733627319336,0,1,0.9743907451629639,-0.024174222722649574,0.22355449199676514,0,-0.17787928879261017,0.5253096222877502,0.8321100473403931,0,-0.13755163550376892,-0.8505660891532898,0.507557213306427,0,0,26.521141052246094,0,1,0.7151379585266113,-0.09951303899288177,0.6918628215789795,0,-0.6065155863761902,0.4036596715450287,0.6849795579910278,0,-0.34744200110435486,-0.9094802737236023,0.22831572592258453,0,0,12.433868408203125,0,1
K0.067,0.9984610080718994,0.007918886840343475,-0.05488887056708336,0,-0.003017895622178912,0.9960449934005737,0.08880005031824112,0,0.055374860763549805,-0.088498055934906,0.9945359826087952,0,-0.22088687121868134,66.857177734375,-2.0106916427612305,1,0.9979609847068787,-0.010556957684457302,-0.06295178830623627,0,0.010154962539672852,0.999925971031189,-0.00670491810888052,0,0.06301779299974442,0.006051922217011452,0.9979940056800842,0,0,7.964667797088623,-0.6217259764671326,1,0.9923620820045471,0.023680100217461586,-0.12106361985206604,0,-0.0062501393258571625,0.9897940158843994,0.14237016439437866,0,0.12319864332675934,-0.1405261605978012,0.9823819994926453,0,0,9.32037353515625,0,1,0.9923620820045471,0.023680100217461586,-0.12106361985206604,0,-0.0062501393258571625,0.9897940158843994,0.14237016439437866,0,0.12319864332675934,-0.1405261605978012,0.9823819994926453,0,0,10.65185832977295,0,1,0.9940940141677856,-0.005465093534439802,0.10838069766759872,0,0.009508094750344753,0.9992759823799133,-0.03682517260313034,0,-0.10810068994760513,0.03763817623257637,0.9934269785881042,0,0,11.983349800109863,0,1,0.9579541683197021,-0.03733905032277107,0.28448230028152466,0,0.08456199616193771,0.9841979146003723,-0.155573308467865,0,-0.27417728304862976,0.17308826744556427,0.9459741115570068,0,0,10.677154541015625,1.385388970375061,1,-0.03679283708333969,0.023159993812441826,-0.999055027961731,0,0.9386569261550903,-0.34222412109375,-0.04250184819102287,0,-0.3428841233253479,-0.9393329620361328,-0.009148047305643559,0,8.159377098083496,9.977126121520996,-0.14016500115394592,1,0.8230001330375671,-0.4570049047470093,-0.3373698592185974,0,0.562724769115448,0.574858546257019,0.5940356254577637,0,-0.07753743976354599,-0.6787374019622803,0.7302765250205994,0,0,16.626705169677734,0,1,0.00810787733644247,0.9999059438705444,-0.011025302112102509,0,-0.944229006767273,0.01128571480512619,0.3290957808494568,0,0.32918885350227356,0.007741688285022974,0.9442320466041565,0,0,21.426671981811523,0,1,0.8262020349502563,0.3346169888973236,-0.45323485136032104,0,-0.3447859585285187,0.9365689754486084,0.06294599175453186,0,0.445547878742218,0.10426294803619385,0.8891660571098328,0,0,34.93510437011719,0,1,0.8645859956741333,0.4938249886035919,-0.09288199990987778,0,-0.4213060140609741,0.8131549954414368,0.4015980064868927,0,0.27384600043296814,-0.30808401107788086,0.9110940098762512,0,-5.531126976013184,3.141443967819214,0,1,0.9989060163497925,0.037960998713970184,0.02732500061392784,0,-0.0394820012152195,0.997564971446991,0.05748499929904938,0,-0.02507600001990795,-0.058501001447439194,0.9979720115661621,0,-1.3220219612121582,4.914062023162842,0,1,0.977167010307312,0.20672400295734406,0.04908499866724014,0,-0.2063779979944229,0.9783980250358582,-0.012067999690771103,0,-0.050519999116659164,0.0016629999736323953,0.9987220168113708,0,0.19079099595546722,5.793838024139404,0,1,0.9551859498023987,0.24362802505493164,0.16812214255332947,0,-0.2369590401649475,0.2889584004878998,0.9275521636009216,0,0.17739713191986084,-0.9258231520652771,0.33373844623565674,0,0,8.865632057189941,0.0033370000310242176,1,0.9591349363327026,0.20917104184627533,0.19054415822029114,0,-0.22658005356788635,0.16444039344787598,0.9600110650062561,0,0.16947315633296967,-0.9639540314674377,0.2051144391298294,0,0.06197100132703781,8.261246681213379,0,1,0.9977189898490906,0.06749700009822845,0.0007750000222586095,0,-0.06749700009822845,0.9977189898490906,-0.000028000000384054147,0,-0.000775999971665442,-0.000024000000848900527,1,0,-0.18438300490379333,5.711742877960205,0,1,0.11706484854221344,-0.01966099999845028,0.992929995059967,0,-0.925134003162384,-0.3657289743423462,0.10182986408472061,0,0.36114197969436646,-0.9305139780044556,-0.0610029399394989,0,-8.159377098083496,9.979677200317383,-0.17284800112247467,1,0.9859669804573059,0.16313406825065613,-0.035446811467409134,0,-0.0969981849193573,0.7326300144195557,0.6736800074577332,0,0.13586990535259247,-0.6607879996299744,0.7381730675697327,0,0,16.626705169677734,0,1,-0.09067825973033905,-0.9705771803855896,-0.2230633646249771,0,0.98661208152771,-0.11803921312093735,0.11253321170806885,0,-0.13555201888084412,-0.20987246930599213,0.9682871103286743,0,0,21.435754776000977,0,1,0.9641780853271484,-0.22016607224941254,0.1479416787624359,0,0.21503207087516785,0.9753241539001465,0.05004783719778061,0,-0.15530964732170105,-0.016443893313407898,0.9877288937568665,0,0,34.91385269165039,0,1,0.8314250111579895,-0.5527060627937317,0.056993983685970306,0,0.4620690643787384,0.7447360157966614,0.48151999711990356,0,-0.308584988117218,-0.37401196360588074,0.8745800256729126,0,4.671835899353027,3.4724159240722656,0.000003999999989900971,1,0.9294111132621765,0.36796677112579346,-0.028202028945088387,0,-0.36590075492858887,0.9287521243095398,0.05946292355656624,0,0.04807299003005028,-0.04494592919945717,0.9978320002555847,0,0.4199410080909729,4.637803077697754,0,1,0.8504359722137451,-0.5258439779281616,-0.01568399928510189,0,0.5258280038833618,0.8505730032920837,-0.00546099990606308,0,0.01621199958026409,-0.003602999961003661,0.999862015247345,0,1.337298035621643,6.01535701751709,0,1,0.9709169864654541,-0.2344789355993271,-0.04837492108345032,0,0.10551498085260391,0.23769932985305786,0.9655909538269043,0,-0.21491192281246185,-0.9426129460334778,0.2555272877216339,0,0,8.569920539855957,0.09981100261211395,1,0.9272180199623108,-0.23128901422023773,-0.2945709228515625,0,0.2821060121059418,-0.08601866662502289,0.9555190205574036,0,-0.24633991718292236,-0.9690750241279602,-0.01450968999415636,0,-0.0016870000399649143,8.041950225830078,0,1,0.9999039769172668,0.01386099960654974,-0.0001539999939268455,0,-0.01386099960654974,0.9999039769172668,0,0,0.0001539999939268455,0,1,0,-0.031332001090049744,5.6025471687316895,0,1,-0.9973819255828857,0.071947380900383,0.007289391476660967,0,-0.03373993560671806,-0.5521223545074463,0.8330797553062439,0,0.06396251916885376,0.8306527137756348,0.5531043410301208,0,17.911487579345703,-4.424811840057373,-0.35127899050712585,1,0.984673023223877,0.13146226108074188,0.11461751908063889,0,0.07133623957633972,0.29611626267433167,-0.9524832963943481,0,-0.15915600955486298,0.9460602402687073,0.2821994125843048,0,0,28.662208557128906,0,1,0.9763898849487305,0.012326852418482304,-0.2156652957201004,0,0.16889597475528717,0.5788722634315491,0.797734797000885,0,0.1346767693758011,-0.8153238892555237,0.5631235837936401,0,0,26.506521224975586,0,1,0.8564050197601318,0.006830671336501837,-0.516258955001831,0,0.4103301763534546,0.5978848934173584,0.6885945796966553,0,0.3133668601512909,-0.8015532493591309,0.509228527545929,0,0,12.680264472961426,0,1,-0.9831371307373047,0.0922001525759697,-0.15792560577392578,0,-0.01083282195031643,-0.8914420008659363,-0.4530036151409149,0,-0.1825493574142456,-0.44365373253822327,0.8774091005325317,0,-17.911487579345703,-4.424811840057373,-0.029843999072909355,1,0.9753751754760742,0.0729919970035553,0.20812059938907623,0,-0.05117284134030342,0.992792010307312,-0.10836537182331085,0,-0.2145307958126068,0.09504745900630951,0.9720812439918518,0,0,28.661733627319336,0,1,0.9519092440605164,0.25332722067832947,0.17231950163841248,0,-0.3063797056674957,0.7878333926200867,0.5342739820480347,0,-0.00041336301364935935,-0.561374843120575,0.8275598287582397,0,0,26.521141052246094,0,1,0.6158850193023682,-0.40317898988723755,0.6768541932106018,0,-0.5663654208183289,0.3706243336200714,0.7361164689064026,0,-0.5476450324058533,-0.83670973777771,-0.00008372992306249216,0,0,12.433868408203125,0,1
K0.100,0.9963459968566895,0.024450000375509262,-0.08183600008487701,0,-0.01694300025701523,0.9956889748573303,0.09119600057601929,0,0.08371300250291824,-0.08947599679231644,0.9924650192260742,0,-0.4613899886608124,66.69880676269531,-0.43888604640960693,1,0.9963039755821228,-0.016109999269247055,-0.084368996322155,0,0.014615999534726143,0.9997259974479675,-0.018296999856829643,0,0.0846410021185875,0.016995999962091446,0.9962670207023621,0,0,7.964667797088623,-0.6217259764671326,1,0.98928302526474,0.0061800009571015835,-0.14587800204753876,0,0.011332998983561993,0.992838978767395,0.11891800165176392,0,0.14556799829006195,-0.11929699778556824,0.9821289777755737,0,0,9.32037353515625,0,1,0.98928302526474,0.0061800009571015835,-0.14587800204753876,0,0.011332998983561993,0.992838978767395,0.11891800165176392,0,0.14556799829006195,-0.11929699778556824,0.9821289777755737,0,0,10.65185832977295,0,1,0.9917849898338318,-0.007980999536812305,0.1276639997959137,0,0.010401000268757343,0.9997779726982117,-0.018300000578165054,0,-0.12748999893665314,0.019478000700473785,0.9916489720344543,0,0,11.983349800109863,0,1,0.9403839707374573,-0.015807002782821655,0.33974599838256836,0,0.05264800041913986,0.9936439990997314,-0.09949599951505661,0,-0.3360140025615692,0.11145099997520447,0.9352399706840515,0,0,10.677154541015625,1.385388970375061,1,-0.052813999354839325,0.023218000307679176,-0.9983339905738831,0,0.9425470232963562,-0.3290869891643524,-0.05751600116491318,0,-0.3298740088939667,-0.9440140128135681,-0.004503000061959028,0,8.159377098083496,9.977126121520996,-0.14016500115394592,1,0.8183749914169312,-0.4544149935245514,-0.35180899500846863,0,0.5743269920349121,0.6250960230827332,0.5285859704017639,0,-0.02028300240635872,-0.6346349716186523,0.7725459933280945,0,0,16.626705169677734,0,1,0.10241199284791946,0.9921659827232361,-0.07154300063848495,0,-0.9341539740562439,0.12064199149608612,0.335860013961792,0,0.34185999631881714,0.03243599832057953,0.9391909837722778,0,0,21.426671981811523,0,1,0.8260369896888733,0.33658498525619507,-0.4520770013332367,0,-0.3488810062408447,0.9353150129318237,0.05889200046658516,0,0.442656010389328,0.10907500237226486,0.8900330066680908,0,0,34.93510437011719,0,1,0.8645870089530945,0.4938249886035919,-0.09288199990987778,0,-0.4213060140609741,0.8131549954414368,0.4015969932079315,0,0.27384600043296814,-0.30808401107788086,0.9110940098762512,0,-5.531126976013184,3.141443967819214,0,1,0.9989060163497925,0.037960998713970184,0.02732500061392784,0,-0.0394820012152195,0.997564971446991,0.05748499929904938,0,-0.02507600001990795,-0.058501001447439194,0.9979720115661621,0,-1.3220219612121582,4.914062023162842,0,1,0.977167010307312,0.20672400295734406,0.04908499866724014,0,-0.2063779979944229,0.9783980250358582,-0.01206899993121624,0,-0.050519999116659164,0.0016629999736323953,0.9987220168113708,0,0.19079099595546722,5.793838024139404,0,1,0.9595199823379517,0.23799200356006622,0.1506049931049347,0,-0.23104700446128845,0.3593659996986389,0.9041420221328735,0,0.16105599701404572,-0.902338981628418,0.3998059928417206,0,0,8.865632057189941,0.0033370000310242176,1,0.9640100002288818,0.20289500057697296,0.17181099951267242,0,-0.2186170071363449,0.23717300593852997,0.9465489983558655,0,0.15130199491977692,-0.9500430226325989,0.2729940116405487,0,0.06197100132703781,8.261246681213379,0,1,0.9977189898490906,0.06749700009822845,0.0007750000222586095,0,-0.06749700009822845,0.9977189898490906,-0.000028000000384054147,0,-0.000775999971665442,-0.00002499999936844688,1,0,-0.18438300490379333,5.711742877960205,0,1,0.10530500113964081,-0.018706999719142914,0.9942640066146851,0,-0.9243119955062866,-0.37064701318740845,0.0909229964017868,0,0.3668209910392761,-0.9285849928855896,-0.05632200092077255,0,-8.159377098083496,9.979677200317383,-0.17284800112247467,1,0.988224983215332,0.14491499960422516,-0.04910900071263313,0,-0.07511500269174576,0.7390869855880737,0.6694080233573914,0,0.13330300152301788,-0.6578369736671448,0.7412700057029724,0,0,16.626705169677734,0,1,-0.16880899667739868,-0.948540985584259,-0.26790499687194824,0,0.9747369885444641,-0.20098699629306793,0.09742199629545212,0,-0.14625400304794312,-0.24469199776649475,0.9585070013999939,0,0,21.435754776000977,0,1,0.9442570209503174,-0.3168349862098694,0.08941300213336945,0,0.3075009882450104,0.9458310008049011,0.10414700210094452,0,-0.11756700277328491,-0.07084699720144272,0.9905350208282471,0,0,34.91385269165039,0,1,0.8351389765739441,-0.5468609929084778,0.05903699994087219,0,0.45559000968933105,0.7478790283203125,0.48281899094581604,0,-0.30818799138069153,-0.37632399797439575,0.8737279772758484,0,4.671835899353027,3.4724159240722656,0.000003999999989900971,1,0.9169210195541382,0.3983370065689087,-0.02416200004518032,0,-0.39597201347351074,0.9156649708747864,0.06902699917554855,0,0.049619998782873154,-0.053725000470876694,0.9973220229148865,0,0.4199410080909729,4.637803077697754,0,1,0.8504359722137451,-0.5258439779281616,-0.01568399928510189,0,0.5258280038833618,0.8505730032920837,-0.00546099990606308,0,0.01621199958026409,-0.003602999961003661,0.999862015247345,0,1.337298035621643,6.01535701751709,0,1,0.9684029817581177,-0.24245800077915192,-0.05838799849152565,0,0.10796999931335449,0.1965620070695877,0.9745280146598816,0,-0.22480499744415283,-0.9500409960746765,0.2165299952030182,0,0,8.569920539855957,0.09981100261211395,1,0.9239130020141602,-0.22979100048542023,-0.30590999126434326,0,0.28282999992370605,-0.12826600670814514,0.9505550265312195,0,-0.25766700506210327,-0.9647510051727295,-0.0535149984061718,0,-0.0016870000399649143,8.041950225830078,0,1,0.9999039769172668,0.013861999846994877,-0.0001539999939268455,0,-0.013861999846994877,0.9999039769172668,0.0000019999999949504854,0,0.0001539999939268455,0,1,0,-0.031332001090049744,5.6025471687316895,0,1,-0.9966760277748108,0.05867600068449974,-0.05652099475264549,0,-0.0812240019440651,-0.6617169976234436,0.7453410029411316,0,0.006333002820611,0.7474550008773804,0.6642829775810242,0,17.911487579345703,-4.424811840057373,-0.35127899050712585,1,0.9816769957542419,0.007335005793720484,0.19041100144386292,0,0.09486699849367142,0.8478059768676758,-0.5217530131340027,0,-0.1652580052614212,0.5302559733390808,0.8315759897232056,0,0,28.662208557128906,0,1,0.9779539704322815,-0.02387699857354164,-0.20745299756526947,0,0.1588660031557083,0.7298330068588257,0.6649100184440613,0,0.1355299949645996,-0.6832079887390137,0.7175359725952148,0,0,26.506521224975586,0,1,0.8543850183486938,-0.01551399938762188,-0.5194079875946045,0,0.43597400188446045,0.5653020143508911,0.7002580165863037,0,0.28275901079177856,-0.8247380256652832,0.489749014377594,0,0,12.680264472961426,0,1,-0.9671949744224548,0.15835000574588776,-0.1986449956893921,0,0.0009139994508586824,-0.7797809839248657,-0.6260520219802856,0,-0.25403499603271484,-0.6056960225105286,0.7540550231933594,0,-17.911487579345703,-4.424811840057373,-0.029843999072909355,1,0.9610990285873413,0.044419001787900925,0.27260899543762207,0,-0.02383500151336193,0.9966400265693665,-0.07836099714040756,0,-0.27517300844192505,0.06881500035524368,0.9589290022850037,0,0,28.661733627319336,0,1,0.914434015750885,0.38875800371170044,0.1125980019569397,0,-0.40105000138282776,0.832876980304718,0.38141199946403503,0,0.05449599772691727,-0.3939329981803894,0.9175220131874084,0,0,26.521141052246094,0,1,0.7228479981422424,-0.24372999370098114,0.6465960144996643,0,-0.4503830075263977,0.5434899926185608,0.7083600163459778,0,-0.5240669846534729,-0.8032519817352295,0.2830890119075775,0,0,12.433868408203125,0,1
