2.667,30,80,41
B0,mixamorig_Hips,-1,0.9992831349372864,-0.014724659733474255,-0.03359927982091904,0,0.015332920476794243,0.999731183052063,0.01719464361667633,0,0.033335864543914795,-0.017701521515846252,0.9992401599884033,0,-1.5548484325408936,59.978607177734375,1.5036118030548096,1
B1,mixamorig_Spine,0,0.9995792508125305,0.024634217843413353,0.015161605551838875,0,-0.026980822905898094,0.9829273223876953,0.18195362389087677,0,-0.010428511537611485,-0.18228842318058014,0.9831823706626892,0,0,7.964667797088623,-0.6217259764671326,1
B2,mixamorig_Spine1,1,0.9996786713600159,0.022119414061307907,0.012338479980826378,0,-0.024875933304429054,0.9489491581916809,0.31442803144454956,0,-0.004755629226565361,-0.3146340548992157,0.9491942524909973,0,0,9.32037353515625,0,1
B3,mixamorig_Spine2,2,0.9997067451477051,0.020269261673092842,0.01323692500591278,0,-0.022790590301156044,0.9724107980728149,0.23215706646442413,0,-0.00816562119871378,-0.23239107429981232,0.972587525844574,0,0,10.65185832977295,0,1
B4,mixamorig_Neck,3,0.9997829794883728,0.0009293729090131819,0.02056627906858921,0,-0.00357730477117002,0.9916206002235413,0.12913388013839722,0,-0.020273981615900993,-0.12918256223201752,0.9914093017578125,0,0,11.983349800109863,9.999999974752427e-7,1
B5,mixamorig_Head,4,0.9984315633773804,-0.04123964533209801,-0.03782118111848831,0,0.02422473207116127,0.9278306365013123,-0.3722122013568878,0,0.05044081434607506,0.37071096897125244,0.9273749589920044,0,0,10.677154541015625,1.385388970375061,1
B6,mixamorig_HeadTop_End,5,1,0,0,0,0,1,0,0,0,0,1,0,0,72.67863464355469,9.430248260498047,1
B7,mixamorig_LeftShoulder,3,0.29145362973213196,0.2676280736923218,-0.918350100517273,0,0.955863356590271,-0.11751361936330795,0.26902148127555847,0,-0.03595229238271713,-0.9562408924102783,-0.29004162549972534,0,8.159377098083496,9.977126121520996,-0.14016500115394592,1
B8,mixamorig_LeftArm,7,0.8943048715591431,0.3807557225227356,0.23344112932682037,0,-0.44006606936454773,0.8409103751182556,0.3146270513534546,0,-0.07641695439815521,-0.3844844698905945,0.9196646809577942,0,0,16.626705169677734,0,1
B9,mixamorig_LeftForeArm,8,0.4040440022945404,0.9055971503257751,0.12429323047399521,0,-0.8609750866889954,0.3314162492752075,0.3843063414096832,0,0.3071153163909912,-0.2623867988586426,0.9147587418556213,0,0,21.426671981811523,0,1
B10,mixamorig_LeftHand,9,0.6737685203552246,0.4010653793811798,0.6205936074256897,0,-0.4377443492412567,0.8932662606239319,-0.10203813761472702,0,-0.595288097858429,-0.20292997360229492,0.777458131313324,0,0,34.93510437011719,0,1
B11,mixamorig_LeftHandThumb1,10,0.7280049920082092,0.2938019931316376,-0.6194260120391846,0,0.19896499812602997,0.7740880250930786,0.6010000109672546,0,0.6560649871826172,-0.5607749819755554,0.5050839781761169,0,-5.531126976013184,3.141443967819214,0,1
B12,mixamorig_LeftHandThumb2,11,0.9830750226974487,-0.1804720014333725,0.031509000808000565,0,0.18247200548648834,0.9799069762229919,-0.0805400013923645,0,-0.01634100079536438,0.08492600172758102,0.9962530136108398,0,-1.3220219612121582,4.914062023162842,0,1
B13,mixamorig_LeftHandThumb3,12,0.9833629727363586,-0.17803700268268585,0.03605932742357254,0,0.18125000596046448,0.9748610258102417,-0.12959299981594086,0,-0.012080324813723564,0.13397300243377686,0.9909110069274902,0,0.19079099595546722,5.793838024139404,0,1
B14,mixamorig_LeftHandThumb4,13,1,0,0,0,0,1,0,0,0,0,1,0,1.1312299966812134,4.6004509925842285,0,1
B15,mixamorig_LeftHandIndex1,10,0.9958009719848633,-0.09124399721622467,-0.007467325311154127,0,0.08550699800252914,0.8978400230407715,0.4319406747817993,0,-0.03270699828863144,-0.4307650029659271,0.9018710255622864,0,0,8.865632057189941,0.0033370000310242176,1
B16,mixamorig_LeftHandIndex2,15,0.9998769760131836,-0.015150000341236591,-0.004042999818921089,0,0.015561000443994999,0.9270259737968445,0.374673992395401,0,-0.0019290000200271606,-0.3746910095214844,0.9271479845046997,0,0.06197100132703781,8.261246681213379,0,1
B17,mixamorig_LeftHandIndex3,16,0.992347002029419,0.12100967019796371,0.024584999307990074,0,-0.11890367418527603,0.8827109932899475,0.4546239972114563,0,0.03331200033426285,-0.45406800508499146,0.8903440237045288,0,-0.18438300490379333,5.711742877960205,0,1
B18,mixamorig_LeftHandIndex4,17,1,0,0,0,0,1,0,0,0,0,1,0,0.12241200357675552,3.468430995941162,0,1
B19,mixamorig_RightShoulder,3,0.16475050151348114,-0.21506328880786896,0.9624974727630615,0,-0.9794721007347107,-0.1503893882036209,0.13405627012252808,0,0.1158410832285881,-0.9648829698562622,-0.2354235202074051,0,-8.159377098083496,9.979677200317383,-0.17284800112247467,1
B20,mixamorig_RightArm,19,0.8915596008300781,-0.2787474989891052,-0.3568711578845978,0,0.429349422454834,0.7707726359367371,0.4706898033618927,0,0.14386263489723206,-0.572869062423706,0.8068703413009644,0,0,16.626705169677734,0,1
B21,mixamorig_RightForeArm,20,0.4237546920776367,-0.8418688774108887,-0.33411696553230286,0,0.9038411378860474,0.3692774176597595,0.21594244241714478,0,-0.05842370167374611,-0.3935502767562866,0.9174137115478516,0,0,21.435754776000977,0,1
B22,mixamorig_RightHand,21,0.9507039189338684,-0.26847702264785767,0.1502200961112976,0,0.2403382807970047,0.9526397585868835,0.18395130336284637,0,-0.19212274253368378,-0.1382492035627365,0.9710873365402222,0,0,34.91385269165039,0,1
B23,mixamorig_RightHandThumb1,22,0.7338854670524597,-0.5828117728233337,0.34856799244880676,0,0.046488091349601746,0.5551736950874329,0.8303371071815491,0,-0.6775431632995605,-0.5933387279510498,0.4345076084136963,0,4.671835899353027,3.4724159240722656,0.000003999999989900971,1
B24,mixamorig_RightHandThumb2,23,0.8188295364379883,0.5720414519309998,-0.04739264026284218,0,-0.5738791227340698,0.8146756291389465,-0.0830342248082161,0,-0.008887404575943947,0.09519363194704056,0.9953625202178955,0,0.4199410080909729,4.637803077697754,0,1
B25,mixamorig_RightHandThumb3,24,0.9707362651824951,-0.2117813378572464,0.1127290204167366,0,0.22755365073680878,0.961769163608551,-0.152314692735672,0,-0.07617630809545517,0.17348837852478027,0.9818231463432312,0,1.337298035621643,6.01535701751709,0,1
B26,mixamorig_RightHandThumb4,25,1,0,0,0,0,1,0,0,0,0,1,0,-1.7572389841079712,5.047922134399414,0,1
B27,mixamorig_RightHandIndex1,22,0.9541341662406921,-0.03718605265021324,0.29686781764030457,0,-0.16185362637043,0.7703346610069275,0.6167118549346924,0,-0.2516375780105591,-0.6364654302597046,0.7290597558021545,0,0,8.569920539855957,0.09981100261211395,1
B28,mixamorig_RightHandIndex2,27,0.9790747165679932,-0.19559790194034576,-0.05533473193645477,0,0.19973807036876678,0.8751922845840454,0.44046157598495483,0,-0.03779134899377823,-0.4423248767852783,0.8960330486297607,0,-0.0016870000399649143,8.041950225830078,0,1
B29,mixamorig_RightHandIndex3,28,0.9837512969970703,-0.1711547076702118,-0.05334870144724846,0,0.17614717781543732,0.9782012104988098,0.10941021889448166,0,0.033398136496543884,-0.11706072092056274,0.9925340414047241,0,-0.031332001090049744,5.6025471687316895,0,1
B30,mixamorig_RightHandIndex4,29,1,0,0,0,0,1,0,0,0,0,1,0,0.03302000090479851,3.9876890182495117,0,1
B31,mixamorig_LeftUpLeg,0,-0.8648946285247803,-0.4381142258644104,0.24489086866378784,0,0.4986954927444458,-0.6949546933174133,0.5179970860481262,0,-0.05676295980811119,0.5701659917831421,0.8195528984069824,0,17.911487579345703,-4.424811840057373,-0.35127899050712585,1
B32,mixamorig_LeftLeg,31,0.9803060293197632,-0.19063952565193176,0.0508505180478096,0,0.16082163155078888,0.6223812103271484,-0.7655383348464966,0,0.11450443416833878,0.7586621642112732,0.6408154368400574,0,0,28.662208557128906,0,1
B33,mixamorig_LeftFoot,32,0.8999460935592651,-0.24937625229358673,-0.35736116766929626,0,0.4358157217502594,0.4942779541015625,0.7519932389259338,0,-0.010822330601513386,-0.8324973583221436,0.5535293221473694,0,0,26.506521224975586,0,1
B34,mixamorig_LeftToeBase,33,0.7836303114891052,-0.12463244795799255,-0.6085973381996155,0,0.5671579241752625,0.543278157711029,0.6190159916877747,0,0.25348833203315735,-0.8302501440048218,0.4964153468608856,0,0,12.680264472961426,0,1
B35,mixamorig_LeftToe_End,34,1,0,0,0,0,1,0,0,0,0,1,0,0,5.151862144470215,0,1
B36,mixamorig_RightUpLeg,0,-0.8614757061004639,0.27760908007621765,-0.42512595653533936,0,-0.4722597599029541,-0.7455112338066101,0.4702379107475281,0,-0.1863875687122345,0.6058550477027893,0.7733931541442871,0,-17.911487579345703,-4.424811840057373,-0.029843999072909355,1
B37,mixamorig_RightLeg,36,0.9891613721847534,0.13311810791492462,0.06055593118071556,0,-0.024932455271482468,0.561756432056427,-0.8269173502922058,0,-0.14410293102264404,0.8164314031600952,0.5590134859085083,0,0,28.661733627319336,0,1
B38,mixamorig_RightFoot,37,0.9161372780799866,0.2080688774585724,0.34263280034065247,0,-0.4007507562637329,0.45526450872421265,0.7950676679611206,0,0.009441163390874863,-0.8657016158103943,0.5004681348800659,0,0,26.521141052246094,0,1
B39,mixamorig_RightToeBase,38,0.8260131478309631,0.0895368829369545,0.5564940571784973,0,-0.5308334827423096,0.4555419981479645,0.7146305441856384,0,-0.18952056765556335,-0.8856998682022095,0.4238128364086151,0,0,12.433868408203125,0,1
B40,mixamorig_RightToe_End,39,1,0,0,0,0,1,0,0,0,0,1,0,0,5.0621209144592285,0,1
@34,0,1,2,3,4,5,7,8,9,10,11,12,13,15,16,17,19,20,21,22,23,24,25,27,28,29,31,32,33,34,36,37,38,39
K0.000,0.9998310208320618,-0.018407000228762627,-0.00020300000323913991,0,0.01840599998831749,0.9998210072517395,-0.004397999960929155,0,0.00028300000121816993,0.004393999930471182,0.9999899864196777,0,0.15619100630283356,58.81428527832031,2.125046968460083,1,0.9999729990959167,0.007031999994069338,-0.0021210000850260258,0,-0.006430000066757202,0.9776740074157715,0.21003100275993347,0,0.0035510000307112932,-0.21001200377941132,0.9776920080184937,0,0,7.964667797088623,-0.6217259764671326,1,0.9998430013656616,0.017705999314785004,-0.0009169999975711107,0,-0.016309000551700592,0.9388099908828735,0.34404799342155457,0,0.0069519998505711555,-0.34397900104522705,0.9389520287513733,0,0,9.32037353515625,0,1,0.9998490214347839,0.017348000779747963,-0.0013330000219866633,0,-0.01664000004529953,0.9757909774780273,0.21807099878787994,0,0.00508299982175231,-0.21801500022411346,0.9759320020675659,0,0,10.65185832977295,0,1,0.9998700022697449,0.0001340000017080456,0.016130000352859497,0,-0.0022219999227672815,0.9915720224380493,0.12953999638557434,0,-0.01597600057721138,-0.1295589953660965,0.9914429783821106,0,0,11.983349800109863,0,1,0.9982709884643555,-0.043164998292922974,-0.03989899903535843,0,0.025294000282883644,0.9281719923019409,-0.371289998292923,0,0.05305900052189827,0.36963900923728943,0.9276589751243591,0,0,10.677154541015625,1.385388970375061,1,0.2989889979362488,0.3281939923763275,-0.8960440158843994,0,0.9505689740180969,-0.18490199744701385,0.24945899844169617,0,-0.0838090032339096,-0.9263370037078857,-0.36725500226020813,0,8.159377098083496,9.977126121520996,-0.14016500115394592,1,0.8087679743766785,0.36851000785827637,0.4583599865436554,0,-0.5113409757614136,0.8256300091743469,0.23846599459648132,0,-0.29055899381637573,-0.4272420108318329,0.8561769723892212,0,0,16.626705169677734,0,1,0.6373599767684937,0.768435001373291,0.05726499855518341,0,-0.7272539734840393,0.5753070116043091,0.3743300139904022,0,0.25470399856567383,-0.28022900223731995,0.9255260229110718,0,0,21.426671981811523,0,1,0.6990669965744019,0.36560899019241333,0.6145210266113281,0,-0.4057439863681793,0.9104689955711365,-0.08011700212955475,0,-0.5887929797172546,-0.19333100318908691,0.7848219871520996,0,0,34.93510437011719,0,1,0.7280049920082092,0.2938010096549988,-0.6194260120391846,0,0.19896499812602997,0.7740870118141174,0.6010010242462158,0,0.6560649871826172,-0.5607759952545166,0.5050830245018005,0,-5.531126976013184,3.141443967819214,0,1,0.9830750226974487,-0.1804720014333725,0.031509000808000565,0,0.18247200548648834,0.9799069762229919,-0.0805400013923645,0,-0.01634100079536438,0.08492600172758102,0.9962530136108398,0,-1.3220219612121582,4.914062023162842,0,1,0.9833629727363586,-0.17803700268268585,0.036058999598026276,0,0.18125000596046448,0.9748610258102417,-0.12959299981594086,0,-0.01208100002259016,0.13397300243377686,0.9909110069274902,0,0.19079099595546722,5.793838024139404,0,1,0.9958009719848633,-0.09124399721622467,-0.007468000054359436,0,0.08550699800252914,0.8978400230407715,0.4319399893283844,0,-0.03270699828863144,-0.4307650029659271,0.9018710255622864,0,0,8.865632057189941,0.0033370000310242176,1,0.9998769760131836,-0.015150000341236591,-0.004042999818921089,0,0.015561000443994999,0.9270259737968445,0.374673992395401,0,-0.0019290000200271606,-0.3746910095214844,0.9271479845046997,0,0.06197100132703781,8.261246681213379,0,1,0.992347002029419,0.12100999802350998,0.024584999307990074,0,-0.1189040020108223,0.8827109932899475,0.4546239972114563,0,0.03331200033426285,-0.45406800508499146,0.8903440237045288,0,-0.18438300490379333,5.711742877960205,0,1,0.22482700645923615,-0.3018699884414673,0.926459014415741,0,-0.9700800180435181,-0.15876099467277527,0.18368299305438995,0,0.09163700044155121,-0.9400370121002197,-0.32853201031684875,0,-8.159377098083496,9.979677200317383,-0.17284800112247467,1,0.8717380166053772,-0.2345460057258606,-0.43018800020217896,0,0.42031198740005493,0.8091949820518494,0.41053900122642517,0,0.2518160045146942,-0.5386949777603149,0.803987979888916,0,0,16.626705169677734,0,1,0.4138149917125702,-0.8353279829025269,-0.36191698908805847,0,0.9103609919548035,0.38006600737571716,0.16368700563907623,0,0.0008200000156648457,-0.3972109854221344,0.917726993560791,0,0,21.435754776000977,0,1,0.9992849826812744,-0.020275000482797623,-0.031915999948978424,0,0.02722099982202053,0.9716039896011353,0.235043004155159,0,0.0262449998408556,-0.23574399948120117,0.9714609980583191,0,0,34.91385269165039,0,1,0.6828759908676147,-0.5688040256500244,0.4584119915962219,0,-0.0335099995136261,0.6024529933929443,0.7974500060081482,0,-0.729764997959137,-0.5599210262298584,0.3923409879207611,0,4.671835899353027,3.4724159240722656,0.000003999999989900971,1,0.8179720044136047,0.5752459764480591,0.003780999919399619,0,-0.5683730244636536,0.8091779947280884,-0.14894099533557892,0,-0.08873800188302994,0.1196800023317337,0.9888389706611633,0,0.4199410080909729,4.637803077697754,0,1,0.9656339883804321,-0.17791099846363068,0.18946899473667145,0,0.2128639966249466,0.9596459865570068,-0.18376199901103973,0,-0.14913000166416168,0.21777799725532532,0.9645379781723022,0,1.337298035621643,6.01535701751709,0,1,0.9450479745864868,-0.12036299705505371,0.30396801233291626,0,-0.10434599965810776,0.7700859904289246,0.6293479800224304,0,-0.30983200669288635,-0.6264820098876953,0.7152090072631836,0,0,8.569920539855957,0.09981100261211395,1,0.9615529775619507,-0.2589370012283325,-0.09147100150585175,0,0.2702710032463074,0.8332570195198059,0.4823240041732788,0,-0.04867200180888176,-0.48850199580192566,0.8712040185928345,0,-0.0016870000399649143,8.041950225830078,0,1,0.9677519798278809,-0.234156996011734,-0.09287600219249725,0,0.24639999866485596,0.9565669894218445,0.1557770073413849,0,0.052365999668836594,-0.17363899946212769,0.9834160208702087,0,-0.031332001090049744,5.6025471687316895,0,1,-0.8293700218200684,-0.45976799726486206,0.317425012588501,0,0.5584179759025574,-0.6641319990158081,0.49709001183509827,0,-0.017734000459313393,0.5895280241966248,0.8075529932975769,0,17.911487579345703,-4.424811840057373,-0.35127899050712585,1,0.9547439813613892,-0.2854839861392975,0.08343999832868576,0,0.22403700649738312,0.5057569742202759,-0.8330770134925842,0,0.19562900066375732,0.8140689730644226,0.5468279719352722,0,0,28.662208557128906,0,1,0.910601019859314,-0.13991999626159668,-0.38888001441955566,0,0.4072369933128357,0.4641770124435425,0.7865740060806274,0,0.0704519972205162,-0.8746209740638733,0.4796609878540039,0,0,26.506521224975586,0,1,0.7806379795074463,-0.10598500072956085,-0.61593097448349,0,0.5691050291061401,0.5278649926185608,0.6304590106010437,0,0.258309006690979,-0.8426899909973145,0.47238799929618835,0,0,12.680264472961426,0,1,-0.8533290028572083,0.30460500717163086,-0.42313700914382935,0,-0.4954099953174591,-0.7266340255737305,0.4759959876537323,0,-0.16247500479221344,0.6158069968223572,0.7709630131721497,0,-17.911487579345703,-4.424811840057373,-0.029843999072909355,1,0.9823150038719177,0.16370399296283722,0.09087999910116196,0,-0.010703000240027905,0.5336710214614868,-0.8456249833106995,0,-0.18693199753761292,0.8296970129013062,0.525983989238739,0,0,28.661733627319336,0,1,0.9114720225334167,0.22741000354290009,0.3427889943122864,0,-0.41024500131607056,0.44112399220466614,0.7981910109519958,0,0.03030399978160858,-0.8681550025939941,0.49536600708961487,0,0,26.521141052246094,0,1,0.8271129727363586,0.08950100094079971,0.5548639893531799,0,-0.5317860245704651,0.4441390037536621,0.7210710048675537,0,-0.1818999946117401,-0.8914759755134583,0.4149489998817444,0,0,12.433868408203125,0,1
K0.033,0.9998369812965393,-0.016546988859772682,-0.007248056586831808,0,0.016539989039301872,0.9998630285263062,-0.001010966720059514,0,0.007263056468218565,0.0008909659227356315,0.9999729990959167,0,0.06316114962100983,58.834999084472656,2.0820086002349854,1,0.9999669790267944,0.008051023818552494,-0.0009229702409356833,0,-0.007681029848754406,0.9779350161552429,0.20876696705818176,0,0.0025829756632447243,-0.20875297486782074,0.9779649972915649,0,0,7.964667797088623,-0.6217259764671326,1,0.9998390078544617,0.017944006249308586,-0.000011977046597166918,0,-0.01685401238501072,0.9393579959869385,0.3425239622592926,0,0.006156980060040951,-0.3424679636955261,0.9395089745521545,0,0,9.32037353515625,0,1,0.9998469948768616,0.01751200295984745,-0.00034597484045661986,0,-0.01701100915670395,0.9755640029907227,0.21905702352523804,0,0.004173976834863424,-0.21901802718639374,0.9757120013237,0,0,10.65185832977295,0,1,0.9998700022697449,0.0001340000017080456,0.016130000352859497,0,-0.0022219999227672815,0.9915720224380493,0.12953999638557434,0,-0.01597600057721138,-0.1295589953660965,0.9914429783821106,0,0,11.983349800109863,0,1,0.9982709884643555,-0.043164998292922974,-0.03989899903535843,0,0.025294000282883644,0.9281719923019409,-0.371289998292923,0,0.05305900052189827,0.36963900923728943,0.9276589751243591,0,0,10.677154541015625,1.385388970375061,1,0.2974289655685425,0.32554495334625244,-0.8975280523300171,0,0.9511370062828064,-0.18266893923282623,0.24893799424171448,0,-0.0829099714756012,-0.9277140498161316,-0.3639689087867737,0,8.159377098083496,9.977126121520996,-0.14016500115394592,1,0.8136601448059082,0.3705950677394867,0.4479016959667206,0,-0.5096239447593689,0.8254200220108032,0.2428291141986847,0,-0.27971571683883667,-0.42584195733070374,0.8604751229286194,0,0,16.626705169677734,0,1,0.6280317902565002,0.7758661508560181,0.060064077377319336,0,-0.7345061898231506,0.5655146837234497,0.3750930428504944,0,0.2570550739765167,-0.2796879708766937,0.9250389933586121,0,0,21.426671981811523,0,1,0.6983720064163208,0.3668760359287262,0.6145550012588501,0,-0.4066430330276489,0.9099779725074768,-0.08113402873277664,0,-0.588998019695282,-0.19324299693107605,0.7846900224685669,0,0,34.93510437011719,0,1,0.7280049920082092,0.2938010096549988,-0.6194260120391846,0,0.19896499812602997,0.7740870118141174,0.6010010242462158,0,0.6560649871826172,-0.5607759952545166,0.5050830245018005,0,-5.531126976013184,3.141443967819214,0,1,0.9830750226974487,-0.18047299981117249,0.031509000808000565,0,0.18247200548648834,0.9799069762229919,-0.0805400013923645,0,-0.01634100079536438,0.08492600172758102,0.9962530136108398,0,-1.3220219612121582,4.914062023162842,0,1,0.9833629727363586,-0.17803700268268585,0.03606000170111656,0,0.18125000596046448,0.9748610258102417,-0.12959399819374084,0,-0.01208100002259016,0.13397300243377686,0.9909110069274902,0,0.19079099595546722,5.793838024139404,0,1,0.9958009719848633,-0.09124399721622467,-0.007468000054359436,0,0.08550699800252914,0.8978400230407715,0.4319399893283844,0,-0.03270699828863144,-0.4307650029659271,0.9018710255622864,0,0,8.865632057189941,0.0033370000310242176,1,0.9998769760131836,-0.015150000341236591,-0.004042999818921089,0,0.015561000443994999,0.9270259737968445,0.374673992395401,0,-0.0019290000200271606,-0.3746910095214844,0.9271479845046997,0,0.06197100132703781,8.261246681213379,0,1,0.992347002029419,0.12100999802350998,0.024584999307990074,0,-0.1189040020108223,0.8827109932899475,0.4546239972114563,0,0.03331200033426285,-0.45406800508499146,0.8903440237045288,0,-0.18438300490379333,5.711742877960205,0,1,0.22244994342327118,-0.2982059121131897,0.9282180666923523,0,-0.970507025718689,-0.15846098959445953,0.18167594075202942,0,0.092910036444664,-0.941256046295166,-0.32466086745262146,0,-8.159377098083496,9.979677200317383,-0.17284800112247467,1,0.8732170462608337,-0.23661606013774872,-0.4260338842868805,0,0.42091402411460876,0.8067879676818848,0.41463810205459595,0,0.2456098347902298,-0.5413920879364014,0.804095983505249,0,0,16.626705169677734,0,1,0.41277697682380676,-0.8360750079154968,-0.36137697100639343,0,0.9108309745788574,0.37813398241996765,0.1655370593070984,0,-0.0017520708497613668,-0.3974829912185669,0.9176080226898193,0,0,21.435754776000977,0,1,0.9992280006408691,-0.031221304088830948,-0.023840779438614845,0,0.03593524545431137,0.9716470241546631,0.23368994891643524,0,0.015868719667196274,-0.23436594009399414,0.9720190167427063,0,0,34.91385269165039,0,1,0.6853160858154297,-0.5694720149040222,0.4539198875427246,0,-0.03018190711736679,0.6005609631538391,0.7990090847015381,0,-0.7276199460029602,-0.5612740516662598,0.39438605308532715,0,4.671835899353027,3.4724159240722656,0.000003999999989900971,1,0.8181250095367432,0.5750380158424377,0.0015749390004202724,0,-0.5686740279197693,0.8094710111618042,-0.1461729258298874,0,-0.08532990515232086,0.11869197338819504,0.9892579913139343,0,0.4199410080909729,4.637803077697754,0,1,0.965982973575592,-0.17943404614925385,0.18622490763664246,0,0.21345201134681702,0.9597650170326233,-0.18245096504688263,0,-0.1459939032793045,0.2159949541091919,0.9654179811477661,0,1.337298035621643,6.01535701751709,0,1,0.9455569982528687,-0.11684690415859222,0.30375799536705017,0,-0.10682306438684464,0.7701960206031799,0.6287990212440491,0,-0.30742594599723816,-0.6270130276679993,0.7157819867134094,0,0,8.569920539855957,0.09981100261211395,1,0.9623979926109314,-0.2563709318637848,-0.08980295807123184,0,0.26733091473579407,0.8351880311965942,0.480618953704834,0,-0.04821398854255676,-0.4865529537200928,0.8723190426826477,0,-0.0016870000399649143,8.041950225830078,0,1,0.9685429930686951,-0.2315889298915863,-0.09105894714593887,0,0.2434479147195816,0.95762699842453,0.15389494597911835,0,0.05156097933650017,-0.17122194170951843,0.9838820099830627,0,-0.031332001090049744,5.6025471687316895,0,1,-0.836353063583374,-0.45342394709587097,0.3080908954143524,0,0.5476219058036804,-0.6654350757598877,0.5072540640830994,0,-0.02498706802725792,0.5929610133171082,0.8048440217971802,0,17.911487579345703,-4.424811840057373,-0.35127899050712585,1,0.9582180380821228,-0.27453285455703735,0.08031097054481506,0,0.21613191068172455,0.510995090007782,-0.8319689631462097,0,0.187364861369133,0.8145650029182434,0.5489800572395325,0,0,28.662208557128906,0,1,0.9107760190963745,-0.14939714968204498,-0.3849259316921234,0,0.4082820415496826,0.46491801738739014,0.7855939865112305,0,0.06159287691116333,-0.8726579546928406,0.4844321012496948,0,0,26.506521224975586,0,1,0.7821890115737915,-0.11558705568313599,-0.6122249960899353,0,0.56809002161026,0.5358160734176636,0.6246399283409119,0,0.2558389902114868,-0.83638596534729,0.48477306962013245,0,0,12.680264472961426,0,1,-0.850508987903595,0.3056820034980774,-0.4280100166797638,0,-0.49942800402641296,-0.7245680093765259,0.47494396567344666,0,-0.16494102776050568,0.6177049875259399,0.768917977809906,0,-17.911487579345703,-4.424811840057373,-0.029843999072909355,1,0.9815689921379089,0.16733500361442566,0.09230896830558777,0,-0.011089027859270573,0.5320790410041809,-0.8466219902038574,0,-0.1907849907875061,0.8299949765205383,0.5241270661354065,0,0,28.661733627319336,0,1,0.9123830199241638,0.2257939726114273,0.34143000841140747,0,-0.40815797448158264,0.4385710060596466,0.8006640076637268,0,0.03104398027062416,-0.8698700070381165,0.4923039972782135,0,0,26.521141052246094,0,1,0.8262799978256226,0.08947700262069702,0.5561069846153259,0,-0.5309720039367676,0.45320406556129456,0.7160130143165588,0,-0.1879640370607376,-0.8869050145149231,0.4219830334186554,0,0,12.433868408203125,0,1
K0.067,0.999796986579895,-0.01547401025891304,-0.012941943481564522,0,0.015505010262131691,0.9998769760131836,0.0023109668400138617,0,0.012904943898320198,-0.0025109662674367428,0.9999139904975891,0,-0.12184616178274155,58.96689987182617,2.0233263969421387,1,0.9999430179595947,0.010483975522220135,0.0020469704177230597,0,-0.010680969804525375,0.9786239862442017,0.20537802577018738,0,0.00015002419240772724,-0.20538802444934845,0.9786810278892517,0,0,7.964667797088623,-0.6217259764671326,1,0.9998250007629395,0.018553994596004486,0.0022819770965725183,0,-0.018230987712740898,0.9407809972763062,0.3385240435600281,0,0.004134019836783409,-0.3385070264339447,0.9409549832344055,0,0,9.32037353515625,0,1,0.9998369812965393,0.01791599579155445,0.002167975064367056,0,-0.017950991168618202,0.9749709963798523,0.22160696983337402,0,0.0018570231040939689,-0.221609964966774,0.975134015083313,0,0,10.65185832977295,0,1,0.9998700022697449,0.0001340000017080456,0.016130000352859497,0,-0.0022219999227672815,0.9915720224380493,0.12953999638557434,0,-0.01597600057721138,-0.1295589953660965,0.9914429783821106,0,0,11.983349800109863,0,1,0.9982709884643555,-0.043164998292922974,-0.03989899903535843,0,0.025294000282883644,0.9281719923019409,-0.371289998292923,0,0.05305900052189827,0.36963900923728943,0.9276589751243591,0,0,10.677154541015625,1.385388970375061,1,0.29380401968955994,0.31824105978012085,-0.9013329148292542,0,0.9525370001792908,-0.17610205709934235,0.24831700325012207,0,-0.07970202714204788,-0.9315099120140076,-0.3548761010169983,0,8.159377098083496,9.977126121520996,-0.14016500115394592,1,0.8264578580856323,0.37552595138549805,0.41946128010749817,0,-0.5040700435638428,0.8254029750823975,0.2542118728160858,0,-0.2507613003253937,-0.4215330183506012,0.8714518547058105,0,0,16.626705169677734,0,1,0.6019052267074585,0.7956768274307251,0.06787792593240738,0,-0.7538518309593201,0.5381022691726685,0.37703198194503784,0,0.26347094774246216,-0.27810803055763245,0.923708975315094,0,0,21.426671981811523,0,1,0.6962260007858276,0.3705369830131531,0.6147940158843994,0,-0.4094179570674896,0.9084810018539429,-0.0838959738612175,0,-0.589614987373352,-0.19329699873924255,0.7842130064964294,0,0,34.93510437011719,0,1,0.7280049920082092,0.2938019931316376,-0.6194260120391846,0,0.19896499812602997,0.7740870118141174,0.6010010242462158,0,0.6560649871826172,-0.5607759952545166,0.5050839781761169,0,-5.531126976013184,3.141443967819214,0,1,0.9830750226974487,-0.1804720014333725,0.031509000808000565,0,0.18247200548648834,0.9799069762229919,-0.0805400013923645,0,-0.01634100079536438,0.08492600172758102,0.9962530136108398,0,-1.3220219612121582,4.914062023162842,0,1,0.9833629727363586,-0.17803700268268585,0.03606000170111656,0,0.18125000596046448,0.9748610258102417,-0.12959299981594086,0,-0.01208100002259016,0.13397300243377686,0.9909110069274902,0,0.19079099595546722,5.793838024139404,0,1,0.9958009719848633,-0.09124399721622467,-0.007468000054359436,0,0.08550699800252914,0.8978400230407715,0.4319410026073456,0,-0.03270699828863144,-0.4307650029659271,0.9018710255622864,0,0,8.865632057189941,0.0033370000310242176,1,0.9998769760131836,-0.015150000341236591,-0.004042999818921089,0,0.015561000443994999,0.9270259737968445,0.374673992395401,0,-0.0019290000200271606,-0.3746910095214844,0.9271479845046997,0,0.06197100132703781,8.261246681213379,0,1,0.992347002029419,0.12100999802350998,0.024584999307990074,0,-0.1189040020108223,0.8827109932899475,0.4546239972114563,0,0.03331200033426285,-0.45406800508499146,0.8903440237045288,0,-0.18438300490379333,5.711742877960205,0,1,0.21577106416225433,-0.28804609179496765,0.9329909682273865,0,-0.9716809988021851,-0.1576000154018402,0.17606306076049805,0,0.09632496535778046,-0.9445589184761047,-0.3138951063156128,0,-8.159377098083496,9.979677200317383,-0.17284800112247467,1,0.876897931098938,-0.24227793514728546,-0.4151531159877777,0,0.42241397500038147,0.8005730509757996,0.425028920173645,0,0.2293851673603058,-0.5480729341506958,0.8043619990348816,0,0,16.626705169677734,0,1,0.41081202030181885,-0.8378549814224243,-0.3594890236854553,0,0.9116770029067993,0.3736870288848877,0.17088693380355835,0,-0.008842929266393185,-0.397940993309021,0.91736900806427,0,0,21.435754776000977,0,1,0.9981030225753784,-0.06154269725084305,-0.0018712184391915798,0,0.06032975763082504,0.9714499711990356,0.22944705188274384,0,-0.01230371929705143,-0.2291250377893448,0.9733189940452576,0,0,34.91385269165039,0,1,0.6919509172439575,-0.5712910294532776,0.44139713048934937,0,-0.020932091400027275,0.5952670574188232,0.8032559156417847,0,-0.7216410636901855,-0.5650529265403748,0.3999369442462921,0,4.671835899353027,3.4724159240722656,0.000003999999989900971,1,0.8184970021247864,0.5744940042495728,-0.004521939437836409,0,-0.5694760084152222,0.8102579712867737,-0.13849107921123505,0,-0.07589909434318542,0.11593002825975418,0.990352988243103,0,0.4199410080909729,4.637803077697754,0,1,0.9668899774551392,-0.18361295759677887,0.1772310882806778,0,0.21509698033332825,0.9600830078125,-0.17881102859973907,0,-0.13732409477233887,0.21101205050945282,0.9677889943122864,0,1.337298035621643,6.01535701751709,0,1,0.94691002368927,-0.10710109770298004,0.3031339943408966,0,-0.11366793513298035,0.7704529762268066,0.6272810101509094,0,-0.3007330596446991,-0.6284360289573669,0.7173759937286377,0,0,8.569920539855957,0.09981100261211395,1,0.9646909832954407,-0.24920707941055298,-0.08524304628372192,0,0.25916507840156555,0.8404689431190491,0.475862056016922,0,-0.04694401100277901,-0.4811520576477051,0.8753789663314819,0,-0.0016870000399649143,8.041950225830078,0,1,0.9706810116767883,-0.22442707419395447,-0.08608805388212204,0,0.23525607585906982,0.9605000019073486,0.14863905310630798,0,0.04932902380824089,-0.1645340621471405,0.9851369857788086,0,-0.031332001090049744,5.6025471687316895,0,1,-0.8432839512825012,-0.4483710527420044,0.29637113213539124,0,0.5365201234817505,-0.6695109605789185,0.5137129426002502,0,-0.03190993145108223,0.5922150015830994,0.8051480054855347,0,17.911487579345703,-4.424811840057373,-0.35127899050712585,1,0.9628149271011353,-0.25887614488601685,0.07726503163576126,0,0.2070200890302658,0.5232248902320862,-0.826667070388794,0,0.17357712984085083,0.8119230270385742,0.5573619604110718,0,0,28.662208557128906,0,1,0.9102479815483093,-0.16371184587478638,-0.380325049161911,0,0.41111597418785095,0.4667339622974396,0.7830340266227722,0,0.04931912198662758,-0.8691130876541138,0.49214792251586914,0,0,26.506521224975586,0,1,0.7830820083618164,-0.12116094678640366,-0.6100019812583923,0,0.5675110220909119,0.540412962436676,0.6211960315704346,0,0.2543889880180359,-0.8326310515403748,0.4919479489326477,0,0,12.680264472961426,0,1,-0.8499289751052856,0.30461999773979187,-0.4299149811267853,0,-0.49941399693489075,-0.7258269786834717,0.4730340242385864,0,-0.16794796288013458,0.6167500019073486,0.7690330147743225,0,-17.911487579345703,-4.424811840057373,-0.029843999072909355,1,0.9818660020828247,0.16702699661254883,0.0896720290184021,0,-0.01389097236096859,0.5351289510726929,-0.8446559906005859,0,-0.18906600773334503,0.8280940055847168,0.5277449488639832,0,0,28.661733627319336,0,1,0.9132450222969055,0.22316503524780273,0.3408539891242981,0,-0.40637701749801636,0.43938499689102173,0.8011239767074585,0,0.029017020016908646,-0.8701369762420654,0.4919550120830536,0,0,26.521141052246094,0,1,0.825838029384613,0.08948799967765808,0.5567619800567627,0,-0.5305349826812744,0.45791295170783997,0.7133359909057617,0,-0.19111396372318268,-0.8844810128211975,0.42563897371292114,0,0,12.433868408203125,0,1
K0.100,0.9997339844703674,-0.015269000083208084,-0.017273999750614166,0,0.0153609998524189,0.9998679757118225,0.005249999929219484,0,0.017191000282764435,-0.005514000076800585,0.9998369812965393,0,-0.3851819932460785,59.189414978027344,1.9504499435424805,1,0.9998859763145447,0.01385900005698204,0.006002000067383051,0,-0.014779999852180481,0.9796119928359985,0.20035700500011444,0,-0.0031029998790472746,-0.200423002243042,0.9797049760818481,0,0,7.964667797088623,-0.6217259764671326,1,0.999796986579895,0.019432000815868378,0.0053449999541044235,0,-0.020103000104427338,0.9427819848060608,0.33280301094055176,0,0.0014280001632869244,-0.33284300565719604,0.9429810047149658,0,0,9.32037353515625,0,1,0.999813973903656,0.018473999574780464,0.005532999988645315,0,-0.019245000556111336,0.974170982837677,0.22498899698257446,0,-0.0012339998502284288,-0.22505399584770203,0.9743459820747375,0,0,10.65185832977295,0,1,0.9998700022697449,0.0001340000017080456,0.016130000352859497,0,-0.0022219999227672815,0.9915720224380493,0.12953999638557434,0,-0.01597600057721138,-0.1295589953660965,0.9914429783821106,0,0,11.983349800109863,0,1,0.9982709884643555,-0.043164998292922974,-0.03989899903535843,0,0.025294000282883644,0.9281719923019409,-0.371289998292923,0,0.05305900052189827,0.36963900923728943,0.9276589751243591,0,0,10.677154541015625,1.385388970375061,1,0.28977999091148376,0.30722901225090027,-0.9064419865608215,0,0.9542750120162964,-0.16537900269031525,0.24901799857616425,0,-0.07340099662542343,-0.93715500831604,-0.34110400080680847,0,8.159377098083496,9.977126121520996,-0.14016500115394592,1,0.843949019908905,0.3812130093574524,0.3773939907550812,0,-0.49406999349594116,0.8264020085334778,0.27010199427604675,0,-0.20891299843788147,-0.4144110083580017,0.8857870101928711,0,0,16.626705169677734,0,1,0.5614640116691589,0.8236470222473145,0.07977499812841415,0,-0.7811570167541504,0.49574100971221924,0.3795180022716522,0,0.2730410099029541,-0.2754020094871521,0.9217389822006226,0,0,21.426671981811523,0,1,0.6925230026245117,0.37637799978256226,0.6154279708862305,0,-0.4141849875450134,0.9059309959411621,-0.08797100186347961,0,-0.5906460285186768,-0.19397899508476257,0.7832679748535156,0,0,34.93510437011719,0,1,0.7280049920082092,0.2938010096549988,-0.6194260120391846,0,0.19896499812602997,0.7740870118141174,0.6010000109672546,0,0.6560649871826172,-0.5607759952545166,0.5050839781761169,0,-5.531126976013184,3.141443967819214,0,1,0.9830750226974487,-0.18047299981117249,0.031509000808000565,0,0.18247200548648834,0.9799069762229919,-0.0805400013923645,0,-0.01634100079536438,0.08492600172758102,0.9962530136108398,0,-1.3220219612121582,4.914062023162842,0,1,0.9833629727363586,-0.17803700268268585,0.03606000170111656,0,0.18125000596046448,0.9748610258102417,-0.12959299981594086,0,-0.01208100002259016,0.13397300243377686,0.9909110069274902,0,0.19079099595546722,5.793838024139404,0,1,0.9958009719848633,-0.09124399721622467,-0.007468000054359436,0,0.08550699800252914,0.8978400230407715,0.4319410026073456,0,-0.03270699828863144,-0.4307650029659271,0.9018710255622864,0,0,8.865632057189941,0.0033370000310242176,1,0.9998769760131836,-0.015150000341236591,-0.004042999818921089,0,0.015561000443994999,0.9270259737968445,0.374673992395401,0,-0.0019290000200271606,-0.3746910095214844,0.9271479845046997,0,0.06197100132703781,8.261246681213379,0,1,0.992347002029419,0.12100999802350998,0.024584999307990074,0,-0.1189040020108223,0.8827109932899475,0.4546239972114563,0,0.03331200033426285,-0.45406800508499146,0.8903440237045288,0,-0.18438300490379333,5.711742877960205,0,1,0.20543399453163147,-0.27263200283050537,0.9399300217628479,0,-0.9734249711036682,-0.1562259942293167,0.1674409955739975,0,0.10119199752807617,-0.9493499994277954,-0.2974810004234314,0,-8.159377098083496,9.979677200317383,-0.17284800112247467,1,0.8815879821777344,-0.2507379949092865,-0.39991599321365356,0,0.424345999956131,0.7920510172843933,0.4388450086116791,0,0.20671899616718292,-0.5565829873085022,0.8046630024909973,0,0,16.626705169677734,0,1,0.4096199870109558,-0.8399890065193176,-0.35585200786590576,0,0.9120479822158813,0.36874300241470337,0.17943599820137024,0,-0.019507000222802162,-0.39805400371551514,0.9171540141105652,0,0,21.435754776000977,0,1,0.9937599897384644,-0.10715900361537933,0.030938997864723206,0,0.09770099818706512,0.9701399803161621,0.22199800610542297,0,-0.05380399897694588,-0.21759100258350372,0.974556028842926,0,0,34.91385269165039,0,1,0.7016509771347046,-0.5739589929580688,0.42220500111579895,0,-0.00683300057426095,0.5871040225028992,0.8094819784164429,0,-0.7124879956245422,-0.5708590149879456,0.4080210030078888,0,4.671835899353027,3.4724159240722656,0.000003999999989900971,1,0.8189079761505127,0.573760986328125,-0.013713999651372433,0,-0.5706049799919128,0.8113729953765869,-0.12681999802589417,0,-0.06163699924945831,0.11167900264263153,0.9918310046195984,0,0.4199410080909729,4.637803077697754,0,1,0.9680910110473633,-0.18983599543571472,0.16359199583530426,0,0.21763299405574799,0.9605280160903931,-0.17326700687408447,0,-0.12424200028181076,0.20334100723266602,0.9711930155754089,0,1.337298035621643,6.01535701751709,0,1,0.9488040208816528,-0.0923210009932518,0.3020719885826111,0,-0.12398900091648102,0.7707160115242004,0.6249989867210388,0,-0.29051199555397034,-0.6304550170898438,0.7198119759559631,0,0,8.569920539855957,0.09981100261211395,1,0.9680389761924744,-0.23819699883460999,-0.0785060003399849,0,0.24672800302505493,0.8482769727706909,0.4685629904270172,0,-0.04501599818468094,-0.47295698523521423,0.8799350261688232,0,-0.0016870000399649143,8.041950225830078,0,1,0.9737780094146729,-0.21344099938869476,-0.07873400300741196,0,0.2228109985589981,0.9646739959716797,0.14056800305843353,0,0.045949000865221024,-0.1544249951839447,0.986935019493103,0,-0.031332001090049744,5.6025471687316895,0,1,-0.850396990776062,-0.4446229934692383,0.2813110053539276,0,0.5246449708938599,-0.6762890219688416,0.5170900225639343,0,-0.03966199979186058,0.5873200297355652,0.8083829879760742,0,17.911487579345703,-4.424811840057373,-0.35127899050712585,1,0.9684720039367676,-0.23782500624656677,0.07416699826717377,0,0.19553999602794647,0.5412369966506958,-0.8178179860115051,0,0.1543560028076172,0.8065369725227356,0.5706769824028015,0,0,28.662208557128906,0,1,0.9086719751358032,-0.1829569935798645,-0.37529000639915466,0,0.4161800146102905,0.4686349928379059,0.7792140245437622,0,0.03331200033426285,-0.8642380237579346,0.5019789934158325,0,0,26.506521224975586,0,1,0.7833179831504822,-0.12264399975538254,-0.6094030141830444,0,0.5673589706420898,0.5416349768638611,0.6202700138092041,0,0.2540009915828705,-0.8316190242767334,0.4938560128211975,0,0,12.680264472961426,0,1,-0.8514969944953918,0.3020560145378113,-0.42861899733543396,0,-0.49573901295661926,-0.7300930023193359,0.4703269898891449,0,-0.170865997672081,0.612966001033783,0.7714130282402039,0,-17.911487579345703,-4.424811840057373,-0.029843999072909355,1,0.983148992061615,0.16315600275993347,0.08244600147008896,0,-0.019500000402331352,0.5420399904251099,-0.8401269912719727,0,-0.1817599982023239,0.8243619799613953,0.5360869765281677,0,0,28.661733627319336,0,1,0.9140049815177917,0.21951399743556976,0.3411870002746582,0,-0.40497300028800964,0.4432219862937927,0.799718976020813,0,0.024328000843524933,-0.8691189885139465,0.4940049946308136,0,0,26.521141052246094,0,1,0.8258129954338074,0.08951900154352188,0.5567929744720459,0,-0.5305839776992798,0.45787298679351807,0.713325023651123,0,-0.19108399748802185,-0.8844990134239197,0.42561501264572144,0,0,12.433868408203125,0,1
