2.500,30,75,41
B0,mixamorig_Hips,-1,0.8505262136459351,-0.04518815129995346,0.5228749513626099,0,-0.0030713281594216824,0.9957872033119202,0.09142164140939713,0,-0.5248218178749084,-0.07946094870567322,0.8467940092086792,0,9.449695587158203,65.1005630493164,13.319184303283691,1
B1,mixamorig_Spine,0,0.9993982315063477,-0.01079956628382206,-0.03272417187690735,0,0.013661875389516354,0.9959560036659241,0.08877892792224884,0,0.03163318708539009,-0.08917304128408432,0.9955039024353027,0,0,7.964667797088623,-0.6217259764671326,1
B2,mixamorig_Spine1,1,0.9977052211761475,-0.02172117494046688,-0.06360770016908646,0,0.025148384273052216,0.9982122778892517,0.05407596006989479,0,0.06231951341032982,-0.055551573634147644,0.996467649936676,0,0,9.32037353515625,0,1
B3,mixamorig_Spine2,2,0.9977052211761475,-0.02169647440314293,-0.063616082072258,0,0.011791491881012917,0.9883531332015991,-0.15166035294532776,0,0.06615956872701645,0.15057587623596191,0.9863424301147461,0,0,10.65185832977295,0,1
B4,mixamorig_Neck,3,0.9964544177055359,0.020079363137483597,-0.08157675713300705,0,-0.017884671688079834,0.9994330406188965,0.027131762355566025,0,0.08209437131881714,-0.025567393749952316,0.9962522387504578,0,0,11.983349800109863,9.999999974752427e-7,1
B5,mixamorig_Head,4,0.9942061305046082,0.03213099017739296,-0.10101291537284851,0,-0.025486232712864876,0.9974117875099182,0.06622838228940964,0,0.10288077592849731,-0.06343533098697662,0.9925743937492371,0,0,10.677154541015625,1.385388970375061,1
B6,mixamorig_HeadTop_End,5,1,0,0,0,0,1,0,0,0,0,1,0,0,72.67863464355469,9.430248260498047,1
B7,mixamorig_LeftShoulder,3,0.13496190309524536,-0.007557749282568693,-0.9907960295677185,0,0.9790938496589661,-0.1523880511522293,0.13453203439712524,0,-0.15200696885585785,-0.9882895350456238,-0.013151651248335838,0,8.159377098083496,9.977126121520996,-0.14016500115394592,1
B8,mixamorig_LeftArm,7,0.97231125831604,-0.11547498404979706,0.20308595895767212,0,0.022370226681232452,0.9111919403076172,0.4110412001609802,0,-0.2326083928346634,-0.39512181282043457,0.8885549902915955,0,0,16.626705169677734,0,1
B9,mixamorig_LeftForeArm,8,0.6709402799606323,0.7037190198898315,0.23345869779586792,0,-0.736400842666626,0.6692706942558289,0.09894886612892151,0,-0.0866154283285141,-0.23830720782279968,0.9672604203224182,0,0,21.426671981811523,0,1
B10,mixamorig_LeftHand,9,0.947205662727356,0.10497821867465973,-0.3027389347553253,0,-0.1647900640964508,0.9697986841201782,-0.179601788520813,0,0.27472472190856934,0.2199733704328537,0.9359222054481506,0,0,34.93510437011719,0,1
B11,mixamorig_LeftHandThumb1,10,0.8264854550361633,0.23113077878952026,-0.5131789445877075,0,-0.1707817018032074,0.9717827439308167,0.162636399269104,0,0.5363098978996277,-0.046826090663671494,0.8426471948623657,0,-5.531126976013184,3.141443967819214,0,1
B12,mixamorig_LeftHandThumb2,11,0.9629223942756653,0.17530964314937592,0.20505096018314362,0,-0.2054634541273117,0.9691265225410461,0.13629433512687683,0,-0.174826979637146,-0.1733715534210205,0.9692137837409973,0,-1.3220219612121582,4.914062023162842,0,1
B13,mixamorig_LeftHandThumb3,12,0.9972185492515564,0.0492270365357399,0.05595465004444122,0,-0.05330310016870499,0.9958438277244568,0.07383847236633301,0,-0.052087731659412384,-0.07661523669958115,0.9956982135772705,0,0.19079099595546722,5.793838024139404,0,1
B14,mixamorig_LeftHandThumb4,13,1,0,0,0,0,1,0,0,0,0,1,0,1.1312299966812134,4.6004509925842285,0,1
B15,mixamorig_LeftHandIndex1,10,0.9723804593086243,0.06604401767253876,-0.22383227944374084,0,-0.04755067825317383,0.9950663447380066,0.08695461601018906,0,0.22846941649913788,-0.07391080260276794,0.9707233309745789,0,0,8.865632057189941,0.0033370000310242176,1
B16,mixamorig_LeftHandIndex2,15,0.998849630355835,0.047537580132484436,0.006272456608712673,0,-0.045816533267498016,0.9076701998710632,0.41714122891426086,0,0.014142302796244621,-0.4169486165046692,0.9088043570518494,0,0.06197100132703781,8.261246681213379,0,1
B17,mixamorig_LeftHandIndex3,16,0.9867709279060364,0.15754087269306183,0.03822193294763565,0,-0.15740925073623657,0.8747645616531372,0.458196222782135,0,0.03876215219497681,-0.45815083384513855,0.8879936337471008,0,-0.18438300490379333,5.711742877960205,0,1
B18,mixamorig_LeftHandIndex4,17,1,0,0,0,0,1,0,0,0,0,1,0,0.12241200357675552,3.468430995941162,0,1
B19,mixamorig_RightShoulder,3,0.19786573946475983,-0.005105345509946346,0.9799957275390625,0,-0.9687671065330505,-0.15204277634620667,0.1948050707578659,0,0.14812609553337097,-0.9883436560630798,-0.035043057054281235,0,-8.159377098083496,9.979677200317383,-0.17284800112247467,1
B20,mixamorig_RightArm,19,0.6418586373329163,0.6093201041221619,-0.4641275703907013,0,-0.3180916905403137,0.7630075812339783,0.5619925856590271,0,0.6973934769630432,-0.21368615329265594,0.6836822032928467,0,0,16.626705169677734,0,1
B21,mixamorig_RightForeArm,20,0.6283206939697266,-0.7656458616256714,-0.134402796626091,0,0.7766558527946472,0.6257449984550476,0.06583819538354874,0,0.03344939649105072,-0.1458871066570282,0.9886924028396606,0,0,21.435754776000977,0,1
B22,mixamorig_RightHand,21,0.829677164554596,-0.5226298570632935,0.19250038266181946,0,0.4638292193412781,0.8393280506134033,0.28005659580230713,0,-0.30916354060173035,-0.14292855560779572,0.93991619348526,0,0,34.91385269165039,0,1
B23,mixamorig_RightHandThumb1,22,0.14763599634170532,-0.5781959891319275,0.8024299740791321,0,0.4736559987068176,0.7535650134086609,0.455839604139328,0,-0.8682469725608826,0.31277701258659363,0.3851189911365509,0,4.671835899353027,3.4724159240722656,0.000003999999989900971,1
B24,mixamorig_RightHandThumb2,23,0.9378169775009155,0.2978050112724304,-0.1783600002527237,0,-0.263604998588562,0.9452739953994751,0.1922750025987625,0,0.22585900127887726,-0.1333020031452179,0.9649959802627563,0,0.4199410080909729,4.637803077697754,0,1
B25,mixamorig_RightHandThumb3,24,0.9990900158882141,0.004001616965979338,-0.042468998581171036,0,0.008830999955534935,0.9546210169792175,0.29769301414489746,0,0.04173300042748451,-0.29779699444770813,0.9537169933319092,0,1.337298035621643,6.01535701751709,0,1
B26,mixamorig_RightHandThumb4,25,1,0,0,0,0,1,0,0,0,0,1,0,-1.7572389841079712,5.047922134399414,0,1
B27,mixamorig_RightHandIndex1,22,0.9663439989089966,-0.23966899514198303,0.0934813842177391,0,0.1367110013961792,0.7862539887428284,0.602590024471283,0,-0.2179223895072937,-0.5695289969444275,0.7925570011138916,0,0,8.569920539855957,0.09981100261211395,1
B28,mixamorig_RightHandIndex2,27,0.9662690162658691,-0.23733699321746826,-0.09997999668121338,0,0.18265900015830994,0.35790738463401794,0.9157170057296753,0,-0.18154999613761902,-0.9030910134315491,0.38918638229370117,0,-0.0016870000399649143,8.041950225830078,0,1
B29,mixamorig_RightHandIndex3,28,0.9758824110031128,-0.2037356197834015,-0.07839000225067139,0,0.16748499870300293,0.46848100423812866,0.8674529790878296,0,-0.14000700414180756,-0.8596609830856323,0.49130499362945557,0,-0.031332001090049744,5.6025471687316895,0,1
B30,mixamorig_RightHandIndex4,29,1,0,0,0,0,1,0,0,0,0,1,0,0.03302000090479851,3.9876890182495117,0,1
B31,mixamorig_LeftUpLeg,0,-0.811705470085144,-0.004349217284470797,0.5826648473739624,0,0.28179168701171875,-0.8778994679450989,0.38566213846206665,0,0.5099455714225769,0.4784172475337982,0.7144611477851868,0,17.911487579345703,-4.424811840057373,-0.35127899050712585,1
B32,mixamorig_LeftLeg,31,0.9667987823486328,-0.09934067726135254,-0.23524266481399536,0,-0.11804453283548355,0.6432346105575562,-0.7564236521720886,0,0.2265269160270691,0.7590674161911011,0.6101902723312378,0,0,28.662208557128906,0,1
B33,mixamorig_LeftFoot,32,0.9924484491348267,-0.05818500742316246,-0.10734878480434418,0,0.12126394361257553,0.3671170175075531,0.9221986532211304,0,-0.014250180684030056,-0.9282896518707275,0.3714900016784668,0,0,26.506521224975586,0,1
B34,mixamorig_LeftToeBase,33,0.8418926000595093,-0.060288265347480774,-0.5362659692764282,0,0.45602890849113464,0.6108137369155884,0.6472585201263428,0,0.2885371148586273,-0.7894753813743591,0.5417331457138062,0,0,12.680264472961426,0,1
B35,mixamorig_LeftToe_End,34,1,0,0,0,0,1,0,0,0,0,1,0,0,5.151862144470215,0,1
B36,mixamorig_RightUpLeg,0,-0.9721800088882446,0.1681458055973053,-0.16011396050453186,0,-0.226374089717865,-0.8425126075744629,0.4861796796321869,0,-0.054418355226516724,0.5091771483421326,0.8577972054481506,0,-17.911487579345703,-4.424811840057373,-0.029843999072909355,1
B37,mixamorig_RightLeg,36,0.9986302256584167,-0.035617876797914505,-0.008140943013131618,0,0.01520062517374754,0.6031028032302856,-0.7972109913825989,0,0.03318052366375923,0.7959651947021484,0.6036156415939331,0,0,28.661733627319336,0,1
B38,mixamorig_RightFoot,37,0.9411479234695435,0.21070490777492523,0.26276475191116333,0,-0.33443716168403625,0.4934104382991791,0.8026583790779114,0,0.03950957581400871,-0.8438597917556763,0.5347022414207458,0,0,26.521141052246094,0,1
B39,mixamorig_RightToeBase,38,0.9070336818695068,0.08821191638708115,0.4096713364124298,0,-0.3762243688106537,0.5987720489501953,0.7065414190292358,0,-0.18305915594100952,-0.7952755689620972,0.575998842716217,0,0,12.433868408203125,0,1
B40,mixamorig_RightToe_End,39,1,0,0,0,0,1,0,0,0,0,1,0,0,5.0621209144592285,0,1
@34,0,1,2,3,4,5,7,8,9,10,11,12,13,15,16,17,19,20,21,22,23,24,25,27,28,29,31,32,33,34,36,37,38,39
K0.000,0.6392319798469543,0.04165999963879585,0.7678850293159485,0,-0.12761999666690826,0.9904320240020752,0.0525050014257431,0,-0.7583510279655457,-0.13155999779701233,0.6384320259094238,0,-0.5295869708061218,54.60639572143555,0.8683000206947327,1,0.9982810020446777,-0.026398999616503716,-0.052333999425172806,0,0.03212200105190277,0.9932219982147217,0.11170700192451477,0,0.04902999848127365,-0.11319600045681,0.9923620223999023,0,0,7.964667797088623,-0.6217259764671326,1,0.9925029873847961,-0.05571100115776062,-0.10878899693489075,0,0.0665849968791008,0.9928550124168396,0.0990229994058609,0,0.1024940013885498,-0.10552500188350677,0.9891210198402405,0,0,9.32037353515625,0,1,0.9925029873847961,-0.05566899850964546,-0.10881000012159348,0,0.044078998267650604,0.9933720231056213,-0.1061599999666214,0,0.11399900168180466,0.10056799650192261,0.9883779883384705,0,0,10.65185832977295,0,1,0.9866660237312317,0.014612000435590744,-0.16210299730300903,0,0.00457199988886714,0.9930809736251831,0.1173430010676384,0,0.1626960039138794,-0.11651899665594101,0.9797719717025757,0,0,11.983349800109863,0,1,0.9176599979400635,-0.08967900276184082,-0.3871159851551056,0,0.05649900063872337,0.9937490224838257,-0.09628099948167801,0,0.39333000779151917,0.06648100167512894,0.9169899821281433,0,0,10.677154541015625,1.385388970375061,1,0.2595759928226471,-0.033959001302719116,-0.9651250243186951,0,0.92638099193573,-0.27358898520469666,0.2587819993495941,0,-0.27283599972724915,-0.9612470269203186,-0.03955800086259842,0,8.159377098083496,9.977126121520996,-0.14016500115394592,1,0.9833099842071533,-0.04424700140953064,0.17647500336170197,0,-0.0606519989669323,0.8347700238227844,0.5472480058670044,0,-0.17152999341487885,-0.5488179922103882,0.818153977394104,0,0,16.626705169677734,0,1,0.8363239765167236,0.41251200437545776,0.3611049950122833,0,-0.48292699456214905,0.866096019744873,0.12907299399375916,0,-0.2595070004463196,-0.28233399987220764,0.923550009727478,0,0,21.426671981811523,0,1,0.9628940224647522,0.026190999895334244,-0.2686069905757904,0,-0.05856800079345703,0.9918400049209595,-0.1132429987192154,0,0.2634490132331848,0.12477300316095352,0.956570029258728,0,0,34.93510437011719,0,1,0.7426090240478516,0.41527700424194336,-0.5254300236701965,0,-0.3467620015144348,0.9096119999885559,0.22882699966430664,0,0.5729640126228333,0.012269999831914902,0.8194890022277832,0,-5.531126976013184,3.141443967819214,0,1,0.9629650115966797,0.17467999458312988,0.20539000630378723,0,-0.20521000027656555,0.9689310193061829,0.13806599378585815,0,-0.17489099502563477,-0.17510099709033966,0.9688929915428162,0,-1.3220219612121582,4.914062023162842,0,1,0.997215986251831,0.04848900064826012,0.05664600059390068,0,-0.052703000605106354,0.9957579970359802,0.07542700320482254,0,-0.052747998386621475,-0.0782030001282692,0.995540976524353,0,0.19079099595546722,5.793838024139404,0,1,0.9941959977149963,0.10730999708175659,0.007652000058442354,0,-0.10720500349998474,0.9941520094871521,-0.012993000447750092,0,-0.009000999853014946,0.012097000144422054,0.9998859763145447,0,0,8.865632057189941,0.0033370000310242176,1,0.9997119903564453,-0.02398099936544895,-0.0006810000049881637,0,0.023959999904036522,0.9966059923171997,0.07875999808311462,0,-0.0012100000167265534,-0.0787540003657341,0.9968929886817932,0,0.06197100132703781,8.261246681213379,0,1,0.9954699873924255,0.09490799903869629,0.005634999834001064,0,-0.09484100341796875,0.9871150255203247,0.1288740038871765,0,0.006668999791145325,-0.12882499396800995,0.9916449785232544,0,-0.18438300490379333,5.711742877960205,0,1,0.39161598682403564,0.08767800033092499,0.9159420132637024,0,-0.8856809735298157,-0.2339099943637848,0.4010680019855499,0,0.24941299855709076,-0.968297004699707,-0.01394800003618002,0,-8.159377098083496,9.979677200317383,-0.17284800112247467,1,0.7846919894218445,0.6193749904632568,-0.02516300044953823,0,-0.4541260004043579,0.6020179986953735,0.6567670106887817,0,0.42193299531936646,-0.5039330124855042,0.7536730170249939,0,0,16.626705169677734,0,1,0.6755759716033936,-0.6818910241127014,-0.2803969979286194,0,0.731781005859375,0.666549026966095,0.14215600490570068,0,0.08996400237083435,-0.3012259900569916,0.9492989778518677,0,0,21.435754776000977,0,1,0.7771949768066406,-0.5915219783782959,0.2146349996328354,0,0.5676040053367615,0.8062520027160645,0.1666869968175888,0,-0.27164900302886963,-0.007720999885350466,0.9623649716377258,0,0,34.91385269165039,0,1,0.14763499796390533,-0.5781959891319275,0.8024299740791321,0,0.4736570119857788,0.7535640001296997,0.45583999156951904,0,-0.8682469725608826,0.3127779960632324,0.3851189911365509,0,4.671835899353027,3.4724159240722656,0.000003999999989900971,1,0.9378169775009155,0.2978050112724304,-0.1783600002527237,0,-0.263604998588562,0.9452739953994751,0.1922750025987625,0,0.22585999965667725,-0.1333020031452179,0.9649959802627563,0,0.4199410080909729,4.637803077697754,0,1,0.9990900158882141,0.004000999964773655,-0.042468998581171036,0,0.008830999955534935,0.9546210169792175,0.29769301414489746,0,0.04173300042748451,-0.29779699444770813,0.9537169933319092,0,1.337298035621643,6.01535701751709,0,1,0.9663429856300354,-0.23966999351978302,0.09348099678754807,0,0.1367110013961792,0.7862539887428284,0.602590024471283,0,-0.21792300045490265,-0.5695289969444275,0.7925570011138916,0,0,8.569920539855957,0.09981100261211395,1,0.9662690162658691,-0.23733699321746826,-0.09997899830341339,0,0.18265900015830994,0.3579080104827881,0.9157170057296753,0,-0.18154999613761902,-0.9030910134315491,0.3891870081424713,0,-0.0016870000399649143,8.041950225830078,0,1,0.9758830070495605,-0.20373499393463135,-0.0783889964222908,0,0.16748400032520294,0.46848100423812866,0.8674529790878296,0,-0.14000700414180756,-0.8596609830856323,0.49130499362945557,0,-0.031332001090049744,5.6025471687316895,0,1,-0.5780280232429504,-0.0967470034956932,0.8102620244026184,0,0.7305110096931458,-0.503840982913971,0.4609749913215637,0,0.3636449873447418,0.858361005783081,0.36190900206565857,0,17.911487579345703,-4.424811840057373,-0.35127899050712585,1,0.9038969874382019,-0.35273200273513794,-0.2419710010290146,0,-0.002901999978348613,0.5606139898300171,-0.8280720114707947,0,0.4277400076389313,0.7491949796676636,0.5057139992713928,0,0,28.662208557128906,0,1,0.9401209950447083,-0.2806270122528076,-0.19344599545001984,0,0.3335320055484772,0.6405270099639893,0.6917240023612976,0,-0.07020899653434753,-0.7148240208625793,0.6957709789276123,0,0,26.506521224975586,0,1,0.8299239873886108,-0.043845999985933304,-0.5561509728431702,0,0.4621730148792267,0.6123679876327515,0.6414059996604919,0,0.3124459981918335,-0.789355993270874,0.528482973575592,0,0,12.680264472961426,0,1,-0.8183900117874146,0.5142949819564819,-0.256397008895874,0,-0.5730220079421997,-0.6966210007667542,0.43170100450515747,0,0.04340999945998192,0.500220000743866,0.864808976650238,0,-17.911487579345703,-4.424811840057373,-0.029843999072909355,1,0.9866750240325928,0.10176499933004379,0.12695300579071045,0,0.06869900226593018,0.446727991104126,-0.8920279741287231,0,-0.147490993142128,0.8888630270957947,0.43378400802612305,0,0,28.661733627319336,0,1,0.8342369794845581,0.34695398807525635,0.4285689890384674,0,-0.4630829989910126,0.018907999619841576,0.8861129879951477,0,0.2993369996547699,-0.9376909732818604,0.17644299566745758,0,0,26.521141052246094,0,1,0.8701270222663879,0.05140399932861328,0.4901390075683594,0,-0.41906800866127014,0.6005480289459229,0.6809729933738708,0,-0.25934699177742004,-0.7979350090026855,0.544094979763031,0,0,12.433868408203125,0,1
K0.033,0.6342650651931763,0.042644958943128586,0.7719389200210571,0,-0.11643482744693756,0.9923580288887024,0.040846921503543854,0,-0.7642979621887207,-0.11578881740570068,0.6343830823898315,0,-0.6238327026367188,55.03932189941406,0.2739410996437073,1,0.9981709718704224,-0.028036991134285927,-0.05355299264192581,0,0.034092992544174194,0.9926949739456177,0.11573506146669388,0,0.04991699382662773,-0.1173490583896637,0.9918349981307983,0,0,7.964667797088623,-0.6217259764671326,1,0.9921640157699585,-0.05617893859744072,-0.1116040050983429,0,0.06820295751094818,0.9919160008430481,0.10701411962509155,0,0.10469000786542892,-0.11378711462020874,0.9879739880561829,0,0,9.32037353515625,0,1,0.9921630024909973,-0.05613594129681587,-0.11162600666284561,0,0.04520995169878006,0.9941490292549133,-0.09810487926006317,0,0.11647999286651611,0.09228988736867905,0.9888960123062134,0,0,10.65185832977295,0,1,0.9854030013084412,0.015262158587574959,-0.1695498824119568,0,0.005247834138572216,0.9927769899368286,0.11986204981803894,0,0.1701548993587494,-0.11900302022695541,0.9782050251960754,0,0,11.983349800109863,0,1,0.9179050326347351,-0.09140905737876892,-0.3861287534236908,0,0.05661303177475929,0.9933180212974548,-0.10056812316179276,0,0.3927417993545532,0.07045212388038635,0.9169460535049438,0,0,10.677154541015625,1.385388970375061,1,0.21982572972774506,-0.0333089642226696,-0.9749700427055359,0,0.9342800378799438,-0.28039199113845825,0.22023072838783264,0,-0.28071001172065735,-0.9593070149421692,-0.030516957864165306,0,8.159377098083496,9.977126121520996,-0.14016500115394592,1,0.9837470650672913,-0.04069676622748375,0.17488978803157806,0,-0.055156026035547256,0.8584032654762268,0.5100015997886658,0,-0.1708817183971405,-0.5113586187362671,0.8422062397003174,0,0,16.626705169677734,0,1,0.8080977201461792,0.4712696075439453,0.3533887565135956,0,-0.5418735146522522,0.8299886584281921,0.13225804269313812,0,-0.2309785634279251,-0.29836902022361755,0.926080048084259,0,0,21.426671981811523,0,1,0.9346187114715576,0.037874095141887665,-0.35362866520881653,0,-0.1006484255194664,0.9818328619003296,-0.160851389169693,0,0.34111255407333374,0.18592655658721924,0.9214516282081604,0,0,34.93510437011719,0,1,0.793836772441864,0.4106488823890686,-0.44854244589805603,0,-0.3463600277900696,0.9115620255470276,0.22155989706516266,0,0.4998584985733032,-0.020525600761175156,0.8658636808395386,0,-5.531126976013184,3.141443967819214,0,1,0.96253502368927,0.18096111714839935,0.20193994045257568,0,-0.20773404836654663,0.9707679748535156,0.12023566663265228,0,-0.17427898943424225,-0.1576806753873825,0.9719890356063843,0,-1.3220219612121582,4.914062023162842,0,1,0.9972090125083923,0.055812131613492966,0.04958086460828781,0,-0.0587301105260849,0.9964990019798279,0.05949370190501213,0,-0.0460868775844574,-0.06223970279097557,0.9969969987869263,0,0.19079099595546722,5.793838024139404,0,1,0.9943609833717346,0.10422690957784653,-0.019584504887461662,0,-0.10487295687198639,0.993852972984314,-0.03545641899108887,0,0.015768464654684067,0.037310466170310974,0.999178946018219,0,0,8.865632057189941,0.0033370000310242176,1,0.999879002571106,-0.015493841841816902,-0.001183000043965876,0,0.015523843467235565,0.9926608800888062,0.11993376165628433,0,-0.0006839809939265251,-0.11993776261806488,0.992780864238739,0,0.06197100132703781,8.261246681213379,0,1,0.995290994644165,0.09672603756189346,0.006235011853277683,0,-0.09665703773498535,0.9856749773025513,0.1382111757993698,0,0.007223010528832674,-0.13816317915916443,0.9903830289840698,0,-0.18438300490379333,5.711742877960205,0,1,0.3533226549625397,0.0802169144153595,0.9320561289787292,0,-0.8954150676727295,-0.2595292627811432,0.3617686331272125,0,0.2709152102470398,-0.9623979330062866,-0.01987006515264511,0,-8.159377098083496,9.979677200317383,-0.17284800112247467,1,0.814403235912323,0.5802866220474243,-0.0037709856405854225,0,-0.4655730426311493,0.6572597026824951,0.5926641225814819,0,0.34639427065849304,-0.4809124171733856,0.8054406046867371,0,0,16.626705169677734,0,1,0.6740611791610718,-0.6957298517227173,-0.24819684028625488,0,0.7377928495407104,0.6505400538444519,0.1801653355360031,0,0.03611570969223976,-0.304560124874115,0.9518079161643982,0,0,21.435754776000977,0,1,0.8172892928123474,-0.5344575643539429,0.21539084613323212,0,0.530329704284668,0.8438572287559509,0.08158843219280243,0,-0.2253645956516266,0.04754731059074402,0.9731130599975586,0,0,34.91385269165039,0,1,0.14763599634170532,-0.5781959891319275,0.8024299740791321,0,0.4736559987068176,0.7535650134086609,0.45583999156951904,0,-0.8682469725608826,0.3127779960632324,0.3851189911365509,0,4.671835899353027,3.4724159240722656,0.000003999999989900971,1,0.9378169775009155,0.2978050112724304,-0.1783600002527237,0,-0.263604998588562,0.9452739953994751,0.1922750025987625,0,0.22585900127887726,-0.13330300152301788,0.9649959802627563,0,0.4199410080909729,4.637803077697754,0,1,0.9990900158882141,0.004000999964773655,-0.042468998581171036,0,0.008830999955534935,0.9546210169792175,0.29769301414489746,0,0.04173300042748451,-0.29779699444770813,0.9537169933319092,0,1.337298035621643,6.01535701751709,0,1,0.9663429856300354,-0.23966999351978302,0.09348200261592865,0,0.1367110013961792,0.7862539887428284,0.602590024471283,0,-0.21792300045490265,-0.5695289969444275,0.7925570011138916,0,0,8.569920539855957,0.09981100261211395,1,0.9662690162658691,-0.23733699321746826,-0.09997999668121338,0,0.18265900015830994,0.3579080104827881,0.9157170057296753,0,-0.18154999613761902,-0.9030910134315491,0.3891870081424713,0,-0.0016870000399649143,8.041950225830078,0,1,0.9758830070495605,-0.20373499393463135,-0.07839000225067139,0,0.16748499870300293,0.46848100423812866,0.8674529790878296,0,-0.14000600576400757,-0.8596609830856323,0.49130499362945557,0,-0.031332001090049744,5.6025471687316895,0,1,-0.6536630988121033,-0.11908124387264252,0.7473577857017517,0,0.6888322234153748,-0.5026117563247681,0.5223900675773621,0,0.3134239614009857,0.8562711477279663,0.41056641936302185,0,17.911487579345703,-4.424811840057373,-0.35127899050712585,1,0.9463552832603455,-0.26696911454200745,-0.18204237520694733,0,-0.0420171357691288,0.4569226801395416,-0.8885135650634766,0,0.32038483023643494,0.848497748374939,0.4211938977241516,0,0,28.662208557128906,0,1,0.9751011729240417,-0.14139187335968018,-0.17083945870399475,0,0.22158488631248474,0.5905192494392395,0.7760070562362671,0,-0.008836419321596622,-0.7945409417152405,0.6071460843086243,0,0,26.506521224975586,0,1,0.864435613155365,-0.053102899342775345,-0.4999295175075531,0,0.421874463558197,0.6174824237823486,0.6638797521591187,0,0.27344414591789246,-0.7847893238067627,0.5561771392822266,0,0,12.680264472961426,0,1,-0.8234330415725708,0.5072099566459656,-0.25435394048690796,0,-0.5660699605941772,-0.7035031914710999,0.42970582842826843,0,0.0390118770301342,0.4978158175945282,0.8664051294326782,0,-17.911487579345703,-4.424811840057373,-0.029843999072909355,1,0.9865829944610596,0.10376900434494019,0.12603797018527985,0,0.06676595658063889,0.4480561316013336,-0.891508936882019,0,-0.14898300170898438,0.8879629373550415,0.43511712551116943,0,0,28.661733627319336,0,1,0.8402890563011169,0.33542200922966003,0.42591890692710876,0,-0.46298694610595703,0.03524313122034073,0.8856640458106995,0,0.28206098079681396,-0.9414079785346985,0.1849110871553421,0,0,26.521141052246094,0,1,0.8701260089874268,0.05140500143170357,0.49013999104499817,0,-0.41906899213790894,0.6005480289459229,0.6809729933738708,0,-0.2593480050563812,-0.7979350090026855,0.544094979763031,0,0,12.433868408203125,0,1
K0.067,0.6425139307975769,0.038532041013240814,0.7653050422668457,0,-0.09898517280817032,0.9945409893989563,0.03302907943725586,0,-0.7598540782928467,-0.0969751849770546,0.6428199410438538,0,-0.3906073272228241,55.371395111083984,-0.21557213366031647,1,0.9982320070266724,-0.0271570086479187,-0.05287100747227669,0,0.03342900797724724,0.99201500415802,0.12161193788051605,0,0.049146007746458054,-0.12316393852233887,0.9911689758300781,0,0,7.964667797088623,-0.6217259764671326,1,0.9924359917640686,-0.050104059278964996,-0.11207499355077744,0,0.06344204396009445,0.9908890128135681,0.11880087852478027,0,0.10510199517011642,-0.12501288950443268,0.9865729808807373,0,0,9.32037353515625,0,1,0.9924359917640686,-0.05006005987524986,-0.11209499090909958,0,0.040467049926519394,0.9954490065574646,-0.08628112077713013,0,0.11590401083230972,0.08109211176633835,0.9899449944496155,0,0,10.65185832977295,0,1,0.987080991268158,0.031048843637108803,-0.15718711912631989,0,-0.011322835460305214,0.9921090006828308,0.12486794590950012,0,0.15982310473918915,-0.1214749813079834,0.9796429872512817,0,0,11.983349800109863,0,1,0.9268339276313782,-0.09767994284629822,-0.3625422418117523,0,0.06009296700358391,0.9917110204696655,-0.11356987059116364,0,0.3706302046775818,0.08347387611865997,0.9250219464302063,0,0,10.677154541015625,1.385388970375061,1,0.19300326704978943,-0.02941903844475746,-0.980756938457489,0,0.9404829144477844,-0.2794019877910614,0.19345927238464355,0,-0.27971699833869934,-0.9597229957580566,-0.026257043704390526,0,8.159377098083496,9.977126121520996,-0.14016500115394592,1,0.9879919290542603,-0.01719423197209835,0.15354621410369873,0,-0.05789897218346596,0.8801717758178711,0.47111138701438904,0,-0.14324726164340973,-0.4743443429470062,0.8686067461967468,0,0,16.626705169677734,0,1,0.780789315700531,0.5313994288444519,0.3286072313785553,0,-0.595989465713501,0.7913143634796143,0.1364479511976242,0,-0.18752343952655792,-0.3023839592933655,0.9345579147338867,0,0,21.426671981811523,0,1,0.9069682955741882,0.047533903270959854,-0.4185083508491516,0,-0.1429055780172348,0.9694021344184875,-0.1995946168899536,0,0.39621445536613464,0.24083244800567627,0.8860093355178833,0,0,34.93510437011719,0,1,0.8684362769126892,0.40002912282943726,-0.29290854930877686,0,-0.34948498010635376,0.9129539728164673,0.2106551080942154,0,0.3516794741153717,-0.08057340234518051,0.9326463341712952,0,-5.531126976013184,3.141443967819214,0,1,0.9617149829864502,0.1923108845949173,0.19524505734443665,0,-0.21229295432567596,0.9733269810676575,0.0869833305478096,0,-0.17330901324748993,-0.12510232627391815,0.976889967918396,0,-1.3220219612121582,4.914062023162842,0,1,0.9969729781150818,0.06890387088060379,0.03601713478565216,0,-0.06999288499355316,0.9970999956130981,0.029885293915867805,0,-0.03385412320494652,-0.03231529891490936,0.9989039897918701,0,0.19079099595546722,5.793838024139404,0,1,0.9929959774017334,0.09519408643245697,-0.06998550146818161,0,-0.10053104162216187,0.9919360280036926,-0.0771745815873146,0,0.06207453832030296,0.08366953581571579,0.9945580363273621,0,0,8.865632057189941,0.0033370000310242176,1,0.9999989867210388,0.0003138429019600153,-0.0011790000135079026,0,-0.00007684493903070688,0.9806241393089294,0.19589723646640778,0,0.0012179811019450426,-0.19589723646640778,0.9806241393089294,0,0.06197100132703781,8.261246681213379,0,1,0.9949510097503662,0.10009296983480453,0.007398988585919142,0,-0.10002197325229645,0.9827529788017273,0.1555408239364624,0,0.00829698983579874,-0.15549582242965698,0.9878020286560059,0,-0.18438300490379333,5.711742877960205,0,1,0.31870636343955994,0.07167807966470718,0.9451398849487305,0,-0.901354968547821,-0.285561740398407,0.3255983591079712,0,0.2932337820529938,-0.9556760787963867,-0.02640293538570404,0,-8.159377098083496,9.979677200317383,-0.17284800112247467,1,0.8401067852973938,0.5424163341522217,-0.002327014459297061,0,-0.46785596013069153,0.7267822623252869,0.50288987159729,0,0.27446672320365906,-0.4213925898075104,0.8643473982810974,0,0,16.626705169677734,0,1,0.6925318241119385,-0.6829281449317932,-0.23240016400814056,0,0.7213541865348816,0.6586659550666809,0.2140236645936966,0,0.006911289878189564,-0.3158608675003052,0.9487800598144531,0,0,21.435754776000977,0,1,0.8467007279396057,-0.49303340911865234,0.20004214346408844,0,0.4985983371734619,0.8664677739143372,0.025165561586618423,0,-0.18573738634586334,0.07843269407749176,0.9794639348983765,0,0,34.91385269165039,0,1,0.14763599634170532,-0.5781949758529663,0.8024299740791321,0,0.4736559987068176,0.7535650134086609,0.45583900809288025,0,-0.8682469725608826,0.3127779960632324,0.3851189911365509,0,4.671835899353027,3.4724159240722656,0.000003999999989900971,1,0.9378169775009155,0.29780399799346924,-0.1783600002527237,0,-0.26360398530960083,0.9452739953994751,0.1922750025987625,0,0.22585900127887726,-0.13330300152301788,0.9649959802627563,0,0.4199410080909729,4.637803077697754,0,1,0.9990900158882141,0.004000999964773655,-0.042468998581171036,0,0.008830999955534935,0.9546210169792175,0.29769301414489746,0,0.04173300042748451,-0.29779699444770813,0.9537169933319092,0,1.337298035621643,6.01535701751709,0,1,0.9663439989089966,-0.23966899514198303,0.09348099678754807,0,0.1367110013961792,0.7862539887428284,0.602590024471283,0,-0.21792200207710266,-0.5695289969444275,0.7925570011138916,0,0,8.569920539855957,0.09981100261211395,1,0.9662690162658691,-0.23733800649642944,-0.09997999668121338,0,0.18265999853610992,0.3579080104827881,0.9157170057296753,0,-0.18154999613761902,-0.9030910134315491,0.3891870081424713,0,-0.0016870000399649143,8.041950225830078,0,1,0.9758830070495605,-0.20373499393463135,-0.07839000225067139,0,0.16748499870300293,0.46848100423812866,0.8674529790878296,0,-0.14000700414180756,-0.8596609830856323,0.49130499362945557,0,-0.031332001090049744,5.6025471687316895,0,1,-0.7632909417152405,-0.14362075924873352,0.629889190196991,0,0.6113027930259705,-0.4760172665119171,0.6322309374809265,0,0.20903703570365906,0.8676288723945618,0.451134592294693,0,17.911487579345703,-4.424811840057373,-0.35127899050712585,1,0.9771146774291992,-0.17647288739681244,-0.11876462399959564,0,-0.055582866072654724,0.3271082937717438,-0.9433504343032837,0,0.20532414317131042,0.928362250328064,0.30981311202049255,0,0,28.662208557128906,0,1,0.9927438497543335,-0.028776118531823158,-0.11675253510475159,0,0.10975910723209381,0.6134257912635803,0.7820879220962524,0,0.04911342263221741,-0.789228081703186,0.6121329665184021,0,0,26.506521224975586,0,1,0.9258953928947449,-0.14272210001945496,-0.3497824966907501,0,0.3670445382595062,0.5590046048164368,0.7435002326965332,0,0.08941682428121567,-0.8167886734008789,0.5699648857116699,0,0,12.680264472961426,0,1,-0.8283209204673767,0.5016940832138062,-0.24937604367733002,0,-0.5596110820770264,-0.7195678353309631,0.41116517782211304,0,0.026836121454834938,0.4801301658153534,0.8767868876457214,0,-17.911487579345703,-4.424811840057373,-0.029843999072909355,1,0.9867889881134033,0.10471099615097046,0.12362602353096008,0,0.062370043247938156,0.4587278664112091,-0.8863850831985474,0,-0.1495250016450882,0.8823860883712769,0.4461368918418884,0,0,28.661733627319336,0,1,0.8456219434738159,0.3348749876022339,0.41567108035087585,0,-0.4559200704097748,0.04814187437295914,0.8887179493904114,0,0.2775980234146118,-0.9410319924354553,0.19338591396808624,0,0,26.521141052246094,0,1,0.8701270222663879,0.05140300095081329,0.49013999104499817,0,-0.41906800866127014,0.6005480289459229,0.6809729933738708,0,-0.2593480050563812,-0.7979350090026855,0.5440940260887146,0,0,12.433868408203125,0,1
K0.100,0.6524189710617065,0.027574999257922173,0.7573570013046265,0,-0.07463700324296951,0.9968180060386658,0.028001999482512474,0,-0.754173994064331,-0.07479599863290787,0.6524009704589844,0,0.5841219425201416,54.74458312988281,0.2669219672679901,1,0.9985100030899048,-0.021138999611139297,-0.050308000296354294,0,0.027527999132871628,0.9911460280418396,0.12988999485969543,0,0.047116998583078384,-0.1310809999704361,0.9902510046958923,0,0,7.964667797088623,-0.6217259764671326,1,0.9931579828262329,-0.04156399890780449,-0.1091340035200119,0,0.05628199875354767,0.9891849756240845,0.13544799387454987,0,0.1023240014910698,-0.1406629979610443,0.9847559928894043,0,0,9.32037353515625,0,1,0.9931579828262329,-0.04152199998497963,-0.1091499999165535,0,0.03403099998831749,0.9969930052757263,-0.06961599737405777,0,0.1117120012640953,0.06542500108480453,0.9915850162506104,0,0,10.65185832977295,0,1,0.9905359745025635,0.05242399871349335,-0.12684999406337738,0,-0.039124999195337296,0.9936869740486145,0.10514900088310242,0,0.13156099617481232,-0.09919100254774094,0.9863330125808716,0,0,11.983349800109863,0,1,0.9433180093765259,-0.09687399864196777,-0.3174389898777008,0,0.06590700149536133,0.9920819997787476,-0.10690700262784958,0,0.3252820074558258,0.07992599904537201,0.9422330260276794,0,0,10.677154541015625,1.385388970375061,1,0.17232200503349304,-0.023538000881671906,-0.9847589731216431,0,0.9466890096664429,-0.2722820043563843,0.17216800153255463,0,-0.27218499779701233,-0.9619290232658386,-0.024637000635266304,0,8.159377098083496,9.977126121520996,-0.14016500115394592,1,0.992684006690979,0.03692399710416794,0.1149590015411377,0,-0.08374399691820145,0.8964250087738037,0.4352110028266907,0,-0.08698199689388275,-0.4416539967060089,0.8929589986801147,0,0,16.626705169677734,0,1,0.7555189728736877,0.5871000289916992,0.29069700837135315,0,-0.6410220265388489,0.7540720105171204,0.14306500554084778,0,-0.1352130025625229,-0.29443100094795227,0.946058988571167,0,0,21.426671981811523,0,1,0.8926849961280823,0.02543100155889988,-0.4499630033969879,0,-0.14287599921226501,0.96287602186203,-0.2290329933166504,0,0.4274350106716156,0.26874300837516785,0.863178014755249,0,0,34.93510437011719,0,1,0.8971220254898071,0.3930320143699646,-0.20173700153827667,0,-0.3535130023956299,0.9125229716300964,0.20574599504470825,0,0.2649550139904022,-0.11326199769973755,0.9575859904289246,0,-5.531126976013184,3.141443967819214,0,1,0.9612550139427185,0.19836799800395966,0.19141200184822083,0,-0.21472099423408508,0.9742599725723267,0.06864699721336365,0,-0.17286799848079681,-0.10708799958229065,0.9791060090065002,0,-1.3220219612121582,4.914062023162842,0,1,0.996720016002655,0.07580900192260742,0.028331000357866287,0,-0.07621700316667557,0.9969980120658875,0.013617000542581081,0,-0.027212999761104584,-0.015731999650597572,0.9995059967041016,0,0.19079099595546722,5.793838024139404,0,1,0.991303026676178,0.08841899782419205,-0.09746800363063812,0,-0.09815400093793869,0.9901270270347595,-0.10007599741220474,0,0.08765699714422226,0.10877300053834915,0.9901940226554871,0,0,8.865632057189941,0.0033370000310242176,1,0.9999589920043945,0.008996999822556973,-0.000653000024612993,0,-0.008585000410676003,0.9714170098304749,0.23722399771213531,0,0.002767999889329076,-0.2372090071439743,0.9714549779891968,0,0.06197100132703781,8.261246681213379,0,1,0.9947580099105835,0.1019349992275238,0.008062999695539474,0,-0.10186400264501572,0.9810100197792053,0.16505299508571625,0,0.008914999663829803,-0.165009006857872,0.9862520098686218,0,-0.18438300490379333,5.711742877960205,0,1,0.2776010036468506,0.05821000039577484,0.958931028842926,0,-0.9067749977111816,-0.3138270080089569,0.2815519869327545,0,0.31732800602912903,-0.9476940035820007,-0.034334998577833176,0,-8.159377098083496,9.979677200317383,-0.17284800112247467,1,0.8818479776382446,0.4714609980583191,-0.008310000412166119,0,-0.43079298734664917,0.8126959800720215,0.3923560082912445,0,0.19173400104045868,-0.34241798520088196,0.9197760224342346,0,0,16.626705169677734,0,1,0.720533013343811,-0.6598759889602661,-0.2130649983882904,0,0.6932730078697205,0.6791800260543823,0.2410140037536621,0,-0.014329998753964901,-0.3213709890842438,0.9468449950218201,0,0,21.435754776000977,0,1,0.8789060115814209,-0.44630900025367737,0.16832099854946136,0,0.4561010003089905,0.8896399736404419,-0.022666998207569122,0,-0.13962900638580322,0.0966930016875267,0.9854720234870911,0,0,34.91385269165039,0,1,0.14763499796390533,-0.5781949758529663,0.8024299740791321,0,0.4736570119857788,0.7535650134086609,0.45583900809288025,0,-0.8682469725608826,0.3127779960632324,0.3851189911365509,0,4.671835899353027,3.4724159240722656,0.000003999999989900971,1,0.9378169775009155,0.2978050112724304,-0.1783600002527237,0,-0.26360398530960083,0.9452739953994751,0.1922750025987625,0,0.22585900127887726,-0.13330300152301788,0.9649959802627563,0,0.4199410080909729,4.637803077697754,0,1,0.9990900158882141,0.004002000205218792,-0.042468998581171036,0,0.008830999955534935,0.9546210169792175,0.29769301414489746,0,0.04173300042748451,-0.29779699444770813,0.9537169933319092,0,1.337298035621643,6.01535701751709,0,1,0.9663429856300354,-0.23966999351978302,0.09348200261592865,0,0.1367110013961792,0.7862539887428284,0.602590024471283,0,-0.21792300045490265,-0.5695289969444275,0.7925570011138916,0,0,8.569920539855957,0.09981100261211395,1,0.966268002986908,-0.23733800649642944,-0.09997999668121338,0,0.18265999853610992,0.3579080104827881,0.9157170057296753,0,-0.18154999613761902,-0.9030910134315491,0.3891879916191101,0,-0.0016870000399649143,8.041950225830078,0,1,0.9758830070495605,-0.20373499393463135,-0.07839000225067139,0,0.16748499870300293,0.46848100423812866,0.8674529790878296,0,-0.14000700414180756,-0.8596609830856323,0.49130499362945557,0,-0.031332001090049744,5.6025471687316895,0,1,-0.8591700196266174,-0.18136300146579742,0.4784719944000244,0,0.5088149905204773,-0.40180400013923645,0.7613549828529358,0,0.05417000874876976,0.8975859880447388,0.4374980032444,0,17.911487579345703,-4.424811840057373,-0.35127899050712585,1,0.9165989756584167,-0.37081700563430786,-0.14946700632572174,0,-0.039935000240802765,0.2870599925518036,-0.9570800065994263,0,0.3978079855442047,0.8832269906997681,0.24831099808216095,0,0,28.662208557128906,0,1,0.9383630156517029,-0.2773459851741791,-0.20628400146961212,0,0.34550198912620544,0.7351239919662476,0.5832849740982056,0,-0.010126996785402298,-0.6186050176620483,0.7856370210647583,0,0,26.506521224975586,0,1,0.850678026676178,0.17377299070358276,-0.49613600969314575,0,0.4066370129585266,0.38060900568962097,0.8305320143699646,0,0.3331570029258728,-0.9082620143890381,0.2531130015850067,0,0,12.680264472961426,0,1,-0.8209400177001953,0.5168539881706238,-0.24273400008678436,0,-0.5704740285873413,-0.7238739728927612,0.38802799582481384,0,0.024845000356435776,0.45702099800109863,0.8891090154647827,0,-17.911487579345703,-4.424811840057373,-0.029843999072909355,1,0.9847679734230042,0.11776600033044815,0.127920001745224,0,0.05938800051808357,0.4636470079421997,-0.8840270042419434,0,-0.1634179949760437,0.8781589865684509,0.4495910108089447,0,0,28.661733627319336,0,1,0.8406689763069153,0.3534950017929077,0.4102649986743927,0,-0.4533439874649048,0.04496200010180473,0.8902009725570679,0,0.29623499512672424,-0.9343550205230713,0.1980530023574829,0,0,26.521141052246094,0,1,0.8701260089874268,0.05140500143170357,0.49014100432395935,0,-0.4190700054168701,0.6005470156669617,0.6809729933738708,0,-0.25934699177742004,-0.7979360222816467,0.5440940260887146,0,0,12.433868408203125,0,1
