5.333,30,159,41
B0,mixamorig_Hips,-1,0.99727463722229,-0.011598333716392517,0.07286044210195541,0,0.02523561380803585,0.9816251397132874,-0.18914587795734406,0,-0.06932807713747025,0.19046875834465027,0.9792423844337463,0,0.14358294010162354,65.93350219726562,0.5760663151741028,1
B1,mixamorig_Spine,0,0.9995803236961365,0.00750334607437253,-0.02797137387096882,0,-0.007930812425911427,0.9998526573181152,-0.015204228460788727,0,0.027853859588503838,0.01541961170732975,0.9994927048683167,0,0,7.964667797088623,-0.6217259764671326,1
B2,mixamorig_Spine1,1,0.9998840093612671,0.003331204876303673,-0.01488368958234787,0,-0.0002385410771239549,0.9791467785835266,0.20315302908420563,0,0.015249792486429214,-0.2031250298023224,0.9790337681770325,0,0,9.32037353515625,0,1
B3,mixamorig_Spine2,2,0.999891996383667,0.00403224490582943,-0.014130978845059872,0,0.0018256519688293338,0.9200819134712219,0.39172205328941345,0,0.014581513591110706,-0.39170515537261963,0.9199749231338501,0,0,10.65185832977295,0,1
B4,mixamorig_Neck,3,0.9972368478775024,-0.07355847954750061,-0.010345387272536755,0,0.06921211630105972,0.9706844091415405,-0.23016470670700073,0,0.026973074302077293,0.22881285846233368,0.9730936884880066,0,0,11.983349800109863,9.999999974752427e-7,1
B5,mixamorig_Head,4,0.9937251210212708,-0.0053184786811470985,0.11172033101320267,0,0.014831659384071827,0.9963130354881287,-0.08449452370405197,0,-0.11085931211709976,0.08562071621417999,0.9901408553123474,0,0,10.677154541015625,1.385388970375061,1
B6,mixamorig_HeadTop_End,5,1,0,0,0,0,1,0,0,0,0,1,0,0,72.67863464355469,9.430248260498047,1
B7,mixamorig_LeftShoulder,3,-0.12688890099525452,0.07800646871328354,-0.9888443946838379,0,0.9363853335380554,-0.31945496797561646,-0.14535775780677795,0,-0.32723042368888855,-0.9443843960762024,-0.03250766545534134,0,8.159377098083496,9.977126121520996,-0.14016500115394592,1
B8,mixamorig_LeftArm,7,0.9757503867149353,0.1039612740278244,0.1925935447216034,0,-0.21329596638679504,0.6488775014877319,0.7303777933120728,0,-0.049037158489227295,-0.7537550330162048,0.6553226113319397,0,0,16.626705169677734,0,1
B9,mixamorig_LeftForeArm,8,0.5506068468093872,0.8337766528129578,0.04041535034775734,0,-0.8340409398078918,0.5474879145622253,0.06795229017734528,0,0.034531667828559875,-0.07112306356430054,0.9968693256378174,0,0,21.426671981811523,0,1
B10,mixamorig_LeftHand,9,0.9613683819770813,-0.20148350298404694,-0.18753942847251892,0,0.27056434750556946,0.8169342279434204,0.5093026161193848,0,0.0505826361477375,-0.54036945104599,0.8398943543434143,0,0,34.93510437011719,0,1
B11,mixamorig_LeftHandThumb1,10,0.9137899875640869,0.36729198694229126,-0.17344899475574493,0,-0.2645309865474701,0.8621699810028076,0.4320729970932007,0,0.30823999643325806,-0.34894099831581116,0.8850020170211792,0,-5.531126976013184,3.141443967819214,0,1
B12,mixamorig_LeftHandThumb2,11,0.8839719891548157,-0.43804898858070374,0.16342300176620483,0,0.42432600259780884,0.8984320163726807,0.11299099773168564,0,-0.19631999731063843,-0.030535999685525894,0.9800639748573303,0,-1.3220219612121582,4.914062023162842,0,1
B13,mixamorig_LeftHandThumb3,12,0.9992420077323914,0.02076300047338009,0.03292199969291687,0,-0.012187999673187733,0.9702110290527344,-0.24195310473442078,0,-0.03696500137448311,0.24136899411678314,0.9697290062904358,0,0.19079099595546722,5.793838024139404,0,1
B14,mixamorig_LeftHandThumb4,13,1,0,0,0,0,1,0,0,0,0,1,0,1.1312299966812134,4.6004509925842285,0,1
B15,mixamorig_LeftHandIndex1,10,0.9539614319801331,0.19149404764175415,-0.23084025084972382,0,-0.2159276306629181,0.9726604223251343,-0.08546257764101028,0,0.20816296339035034,0.13137352466583252,0.9692290425300598,0,0,8.865632057189941,0.0033370000310242176,1
B16,mixamorig_LeftHandIndex2,15,0.9999828338623047,0.003633954795077443,-0.0045088669285178185,0,0.0003717751242220402,0.7368028163909912,0.676094651222229,0,0.0057792142033576965,-0.6760852336883545,0.7367898225784302,0,0.06197100132703781,8.261246681213379,0,1
B17,mixamorig_LeftHandIndex3,16,0.9955757260322571,0.08953985571861267,0.028493769466876984,0,-0.09045904129743576,0.8312599658966064,0.5484590530395508,0,0.025424789637327194,-0.5486093759536743,0.8356812000274658,0,-0.18438300490379333,5.711742877960205,0,1
B18,mixamorig_LeftHandIndex4,17,1,0,0,0,0,1,0,0,0,0,1,0,0.12241200357675552,3.468430995941162,0,1
B19,mixamorig_RightShoulder,3,-0.09328380227088928,-0.051220379769802094,0.9943202137947083,0,-0.9505505561828613,-0.2925492227077484,-0.10424681007862091,0,0.29622775316238403,-0.9548773169517517,-0.02139745093882084,0,-8.159377098083496,9.979677200317383,-0.17284800112247467,1
B20,mixamorig_RightArm,19,0.982637345790863,-0.1498015820980072,-0.10943635553121567,0,0.18194475769996643,0.6629381775856018,0.7262242436408997,0,-0.036242514848709106,-0.7335317134857178,0.678687334060669,0,0,16.626705169677734,0,1
B21,mixamorig_RightForeArm,20,0.5558136105537415,-0.8303859829902649,-0.03902457654476166,0,0.8305239677429199,0.5526482462882996,0.06929930299520493,0,-0.035979013890028,-0.07092823088169098,0.9968326091766357,0,0,21.435754776000977,0,1
B22,mixamorig_RightHand,21,0.9715665578842163,-0.04395170509815216,0.2326362282037735,0,-0.029206532984972,0.9527503848075867,0.30211299657821655,0,-0.23493199050426483,-0.30031904578208923,0.9243745803833008,0,0,34.91385269165039,0,1
B23,mixamorig_RightHandThumb1,22,0.8422930240631104,-0.5365400910377502,0.05164489522576332,0,0.45779600739479065,0.7626559734344482,0.4569230079650879,0,-0.28454500436782837,-0.36122000217437744,0.8880059719085693,0,4.671835899353027,3.4724159240722656,0.000003999999989900971,1
B24,mixamorig_RightHandThumb2,23,0.5976979732513428,0.7872189879417419,-0.15180011093616486,0,-0.7734619975090027,0.6160280108451843,0.1492220014333725,0,0.210984006524086,0.02822200022637844,0.9770820140838623,0,0.4199410080909729,4.637803077697754,0,1
B25,mixamorig_RightHandThumb3,24,0.967805027961731,-0.25167301297187805,0.003775102784857154,0,0.2465679943561554,0.9449489712715149,-0.21511699259281158,0,0.05057099834084511,0.20912200212478638,0.9765809774398804,0,1.337298035621643,6.01535701751709,0,1
B26,mixamorig_RightHandThumb4,25,1,0,0,0,0,1,0,0,0,0,1,0,-1.7572389841079712,5.047922134399414,0,1
B27,mixamorig_RightHandIndex1,22,0.9488959312438965,-0.19147886335849762,0.25086256861686707,0,0.18755367398262024,0.9814514517784119,0.03969450294971466,0,-0.2538101077079773,0.00938499066978693,0.9672080874443054,0,0,8.569920539855957,0.09981100261211395,1
B28,mixamorig_RightHandIndex2,27,0.9967829585075378,-0.07371921837329865,-0.031445033848285675,0,0.07538634538650513,0.7292226552963257,0.6801109910011292,0,-0.02720680460333824,-0.6802932024002075,0.7324337959289551,0,-0.0016870000399649143,8.041950225830078,0,1
B29,mixamorig_RightHandIndex3,28,0.9994267225265503,-0.03303853049874306,-0.007349493447691202,0,0.032821428030729294,0.8930265307426453,0.4488057494163513,0,-0.008264699019491673,-0.4487897455692291,0.8935989141464233,0,-0.031332001090049744,5.6025471687316895,0,1
B30,mixamorig_RightHandIndex4,29,1,0,0,0,0,1,0,0,0,0,1,0,0.03302000090479851,3.9876890182495117,0,1
B31,mixamorig_LeftUpLeg,0,-0.9161801338195801,-0.31924402713775635,0.242275670170784,0,0.3308354318141937,-0.9436577558517456,0.007623434532433748,0,0.22619153559207916,0.0871373638510704,0.9701770544052124,0,17.911487579345703,-4.424811840057373,-0.35127899050712585,1
B32,mixamorig_LeftLeg,31,0.9948685169219971,-0.09599301964044571,-0.03194831311702728,0,0.06089967489242554,0.8203931450843811,-0.5685469508171082,0,0.08078683167695999,0.5636829733848572,0.8220300078392029,0,0,28.662208557128906,0,1
B33,mixamorig_LeftFoot,32,0.9512943625450134,-0.18471242487430573,-0.24681785702705383,0,0.3055717349052429,0.45903247594833374,0.834215521812439,0,-0.04079195111989975,-0.8690054416656494,0.49311843514442444,0,0,26.506521224975586,0,1
B34,mixamorig_LeftToeBase,33,0.8814049959182739,1.0277189232965611e-7,-0.4723620116710663,0,0.3661080002784729,0.6318889856338501,0.6831409931182861,0,0.29848000407218933,-0.7750589847564697,0.5569498538970947,0,0,12.680264472961426,0,1
B35,mixamorig_LeftToe_End,34,1,0,0,0,0,1,0,0,0,0,1,0,0,5.151862144470215,0,1
B36,mixamorig_RightUpLeg,0,-0.9547157287597656,0.22059538960456848,-0.19963766634464264,0,-0.2471415102481842,-0.961601972579956,0.1193394809961319,0,-0.16564638912677765,0.16327369213104248,0.9725754261016846,0,-17.911487579345703,-4.424811840057373,-0.029843999072909355,1
B37,mixamorig_RightLeg,36,0.9944556951522827,0.08020710945129395,0.06800886243581772,0,-0.022797994315624237,0.7957871556282043,-0.6051468253135681,0,-0.10265742242336273,0.6002408266067505,0.7932032346725464,0,0,28.661733627319336,0,1
B38,mixamorig_RightFoot,37,0.9394373893737793,0.2330358624458313,0.25129929184913635,0,-0.335723876953125,0.47834545373916626,0.8114643096923828,0,0.06889250874519348,-0.8466877937316895,0.5276119112968445,0,0,26.521141052246094,0,1
B39,mixamorig_RightToeBase,38,0.880748987197876,-0.0071622044779360294,0.473529577255249,0,-0.37237733602523804,0.607304573059082,0.7017948031425476,0,-0.29260310530662537,-0.7944369316101074,0.5322154760360718,0,0,12.433868408203125,0,1
B40,mixamorig_RightToe_End,39,1,0,0,0,0,1,0,0,0,0,1,0,0,5.0621209144592285,0,1
@34,0,1,2,3,4,5,7,8,9,10,11,12,13,15,16,17,19,20,21,22,23,24,25,27,28,29,31,32,33,34,36,37,38,39
K0.000,0.9974169731140137,-0.008719000034034252,0.0712990015745163,0,0.02311599999666214,0.9787650108337402,-0.2036769986152649,0,-0.06800899654626846,0.20479899644851685,0.9764379858970642,0,0.007668000180274248,65.31324768066406,-0.0077669997699558735,1,0.9996520280838013,0.012144000269472599,-0.023401999846100807,0,-0.011900999583303928,0.9998739957809448,0.010479999706149101,0,0.023527000099420547,-0.010197999887168407,0.9996709823608398,0,0,7.964667797088623,-0.6217259764671326,1,0.9999300241470337,-0.00011300000187475234,-0.011839999817311764,0,0.0027459999546408653,0.974918007850647,0.22254599630832672,0,0.011517999693751335,-0.2225629985332489,0.9748499989509583,0,0,9.32037353515625,0,1,0.9999380111694336,0.00013600000238511711,-0.01117399986833334,0,0.004416999872773886,0.9136829972267151,0.4064039885997772,0,0.01026500016450882,-0.4064280092716217,0.9136250019073486,0,0,10.65185832977295,0,1,0.9977909922599792,-0.063120998442173,-0.02068600058555603,0,0.05766800045967102,0.9777250289916992,-0.20181000232696533,0,0.03296399861574173,0.20017099380493164,0.9792060256004333,0,0,11.983349800109863,0,1,0.9994879961013794,0.004660000093281269,0.03165699914097786,0,0.00165200000628829,0.9805070161819458,-0.1964769959449768,0,-0.03195599839091301,0.19642800092697144,0.9799969792366028,0,0,10.677154541015625,1.385388970375061,1,-0.06729300320148468,0.09565600007772446,-0.993137001991272,0,0.9096109867095947,-0.40313300490379333,-0.10046099871397018,0,-0.4099760055541992,-0.9101290106773376,-0.059881001710891724,0,8.159377098083496,9.977126121520996,-0.14016500115394592,1,0.9166190028190613,0.13281899690628052,0.37705299258232117,0,-0.3784849941730499,0.5919409990310669,0.7115859985351562,0,-0.1286810040473938,-0.7949619889259338,0.5928540229797363,0,0,16.626705169677734,0,1,0.7820979952812195,0.6227819919586182,0.02155500091612339,0,-0.622979998588562,0.7805889844894409,0.050755999982357025,0,0.014785000123083591,-0.05312500149011612,0.9984779953956604,0,0,21.426671981811523,0,1,0.976207971572876,-0.06542599946260452,-0.20672999322414398,0,0.11834400147199631,0.9596359729766846,0.2551330029964447,0,0.18169300258159637,-0.2735289931297302,0.9445469975471497,0,0,34.93510437011719,0,1,0.9137899875640869,0.36729198694229126,-0.17344999313354492,0,-0.2645300030708313,0.8621699810028076,0.4320729970932007,0,0.30823999643325806,-0.34894099831581116,0.8850020170211792,0,-5.531126976013184,3.141443967819214,0,1,0.8839719891548157,-0.43804898858070374,0.16342300176620483,0,0.42432600259780884,0.8984320163726807,0.11299099773168564,0,-0.19631999731063843,-0.030535999685525894,0.9800639748573303,0,-1.3220219612121582,4.914062023162842,0,1,0.9992420077323914,0.02076300047338009,0.03292100131511688,0,-0.012187999673187733,0.9702110290527344,-0.2419539988040924,0,-0.03696399927139282,0.24136899411678314,0.9697290062904358,0,0.19079099595546722,5.793838024139404,0,1,0.954816997051239,0.18714700639247894,-0.23086799681186676,0,-0.2275799959897995,0.9600189924240112,-0.16300499439239502,0,0.19113199412822723,0.2081809937953949,0.9592339992523193,0,0,8.865632057189941,0.0033370000310242176,1,0.9999610185623169,-0.006941999774426222,-0.005534000229090452,0,0.008829000405967236,0.8430569767951965,0.5377519726753235,0,0.0009319999953731894,-0.5377799868583679,0.843084990978241,0,0.06197100132703781,8.261246681213379,0,1,0.9962300062179565,0.0846790000796318,0.018871000036597252,0,-0.0852309986948967,0.9146639704704285,0.3951280117034912,0,0.01619799993932247,-0.3952470123767853,0.9184319972991943,0,-0.18438300490379333,5.711742877960205,0,1,-0.0372450016438961,-0.07774899899959564,0.9962769746780396,0,-0.9264199733734131,-0.37108200788497925,-0.06359200179576874,0,0.374644011259079,-0.9253399968147278,-0.05820700153708458,0,-8.159377098083496,9.979677200317383,-0.17284800112247467,1,0.9347950220108032,-0.17862899601459503,-0.3070000112056732,0,0.3509710133075714,0.5973190069198608,0.7211310267448425,0,0.05456199869513512,-0.7818580269813538,0.6210640072822571,0,0,16.626705169677734,0,1,0.8099110126495361,-0.5862820148468018,-0.01782199926674366,0,0.5863789916038513,0.8085579872131348,0.048928000032901764,0,-0.014275000430643559,-0.050078000873327255,0.9986429810523987,0,0,21.435754776000977,0,1,0.9382010102272034,-0.08161599934101105,0.33632901310920715,0,0.032294001430273056,0.9882010221481323,0.14971700310707092,0,-0.3445799946784973,-0.12960299849510193,0.9297680258750916,0,0,34.91385269165039,0,1,0.8422930240631104,-0.5365409851074219,0.05164499953389168,0,0.45779600739479065,0.7626559734344482,0.4569230079650879,0,-0.28454500436782837,-0.36122000217437744,0.8880059719085693,0,4.671835899353027,3.4724159240722656,0.000003999999989900971,1,0.5976979732513428,0.7872189879417419,-0.1518010050058365,0,-0.7734609842300415,0.6160280108451843,0.14922299981117249,0,0.210984006524086,0.02822200022637844,0.9770820140838623,0,0.4199410080909729,4.637803077697754,0,1,0.967805027961731,-0.25167301297187805,0.0037750001065433025,0,0.2465679943561554,0.9449489712715149,-0.21511699259281158,0,0.050572000443935394,0.20912200212478638,0.9765809774398804,0,1.337298035621643,6.01535701751709,0,1,0.9533560276031494,-0.1699800044298172,0.24943700432777405,0,0.2164430022239685,0.9609519839286804,-0.17240700125694275,0,-0.21039099991321564,0.2183540016412735,0.9529200196266174,0,0,8.569920539855957,0.09981100261211395,1,0.998045027256012,-0.059491001069545746,-0.01914599910378456,0,0.060485001653432846,0.8423889875411987,0.5354639887809753,0,-0.015727000311017036,-0.5355759859085083,0.844340980052948,0,-0.0016870000399649143,8.041950225830078,0,1,0.9996169805526733,-0.027194000780582428,-0.005183999892324209,0,0.0270370002835989,0.9187650084495544,0.3938780128955841,0,-0.005948000121861696,-0.39386698603630066,0.9191480278968811,0,-0.031332001090049744,5.6025471687316895,0,1,-0.8816149830818176,-0.3739440143108368,0.2879590094089508,0,0.3928360044956207,-0.9195690155029297,0.008554000407457352,0,0.26159900426864624,0.12066199630498886,0.9576050043106079,0,17.911487579345703,-4.424811840057373,-0.35127899050712585,1,0.9723939895629883,-0.224932000041008,-0.06208600103855133,0,0.14256499707698822,0.7833229899406433,-0.6050450205802917,0,0.1847279965877533,0.5794910192489624,0.793766975402832,0,0,28.662208557128906,0,1,0.9651579856872559,-0.1201459988951683,-0.23245400190353394,0,0.2615030109882355,0.4743880033493042,0.840578019618988,0,0.00928100012242794,-0.872078001499176,0.48927798867225647,0,0,26.506521224975586,0,1,0.8814049959182739,0.0000019999999949504854,-0.4723620116710663,0,0.3661080002784729,0.6318870186805725,0.6831430196762085,0,0.2984809875488281,-0.7750610113143921,0.5569469928741455,0,0,12.680264472961426,0,1,-0.9439290165901184,0.24221199750900269,-0.22434699535369873,0,-0.27740100026130676,-0.9503300189971924,0.14114299416542053,0,-0.17901700735092163,0.19546300172805786,0.9642339944839478,0,-17.911487579345703,-4.424811840057373,-0.029843999072909355,1,0.9878309965133667,0.13533900678157806,0.07663799822330475,0,-0.051725998520851135,0.7505789995193481,-0.658752977848053,0,-0.14667800068855286,0.646772027015686,0.748445987701416,0,0,28.661733627319336,0,1,0.9504330158233643,0.1906830072402954,0.24559399485588074,0,-0.3080439865589142,0.4701330065727234,0.8270940184593201,0,0.04225099831819534,-0.8617510199546814,0.5055689811706543,0,0,26.521141052246094,0,1,0.8808140158653259,-0.0067819999530911446,0.47341400384902954,0,-0.37232500314712524,0.6077489852905273,0.7014380097389221,0,-0.29247400164604187,-0.7940999865531921,0.5327889919281006,0,0,12.433868408203125,0,1
K0.033,0.9974219799041748,-0.008451994508504868,0.07125499844551086,0,0.02285299450159073,0.9787449836730957,-0.20380300283432007,0,-0.06801699846982956,0.20490600168704987,0.9764149785041809,0,0.0002899562823586166,65.3240966796875,-0.0009688552236184478,1,0.9996259808540344,0.011958994902670383,-0.024604016914963722,0,-0.011697995476424694,0.9998739957809448,0.010721001774072647,0,0.024729017168283463,-0.010429001413285732,0.9996399879455566,0,0,7.964667797088623,-0.6217259764671326,1,0.9999210238456726,-0.00020100113761145622,-0.012574010528624058,0,0.0029930032324045897,0.9749389886856079,0.22245199978351593,0,0.012214009650051594,-0.22247199714183807,0.9748629927635193,0,0,9.32037353515625,0,1,0.9999300241470337,0.00002899884020735044,-0.011804008856415749,0,0.004770004656165838,0.9137139916419983,0.4063290059566498,0,0.010797007009387016,-0.4063569903373718,0.9136509895324707,0,0,10.65185832977295,0,1,0.9978529810905457,-0.06226198747754097,-0.02029498852789402,0,0.05699199438095093,0.9783120155334473,-0.19914297759532928,0,0.03225398436188698,0.19755896925926208,0.9797599911689758,0,0,11.983349800109863,0,1,0.9994480013847351,0.005822011735290289,0.032697051763534546,0,0.0006459977012127638,0.980925977230072,-0.1943819671869278,0,-0.033205050975084305,0.1942959725856781,0.9803810119628906,0,0,10.677154541015625,1.385388970375061,1,-0.05883388593792915,0.09614101052284241,-0.9936270117759705,0,0.9082340002059937,-0.4079420566558838,-0.09324890375137329,0,-0.4143070578575134,-0.907931923866272,-0.06331704556941986,0,8.159377098083496,9.977126121520996,-0.14016500115394592,1,0.9158570170402527,0.13119196891784668,0.37946704030036926,0,-0.37888601422309875,0.5951380729675293,0.7086999416351318,0,-0.13285906612873077,-0.7928429245948792,0.5947680473327637,0,0,16.626705169677734,0,1,0.7873010635375977,0.6162059307098389,0.021130993962287903,0,-0.6164019107818604,0.7858290672302246,0.05021999403834343,0,0.014340993948280811,-0.05256399139761925,0.9985150098800659,0,0,21.426671981811523,0,1,0.9771559834480286,-0.06447997689247131,-0.20250391960144043,0,0.11586594581604004,0.96042799949646,0.25328296422958374,0,0.1781589388847351,-0.2709609270095825,0.9459599852561951,0,0,34.93510437011719,0,1,0.9137899875640869,0.36729198694229126,-0.17344899475574493,0,-0.2645309865474701,0.8621699810028076,0.4320729970932007,0,0.30823999643325806,-0.34894099831581116,0.8850020170211792,0,-5.531126976013184,3.141443967819214,0,1,0.8839719891548157,-0.43804800510406494,0.16342300176620483,0,0.42432498931884766,0.8984330296516418,0.11299099773168564,0,-0.19631999731063843,-0.030535999685525894,0.9800639748573303,0,-1.3220219612121582,4.914062023162842,0,1,0.9992420077323914,0.02076300047338009,0.03292100131511688,0,-0.012187999673187733,0.9702110290527344,-0.2419539988040924,0,-0.03696399927139282,0.24136899411678314,0.9697290062904358,0,0.19079099595546722,5.793838024139404,0,1,0.9547910094261169,0.18727700412273407,-0.23086999356746674,0,-0.2272389978170395,0.9605000019073486,-0.16063395142555237,0,0.19166702032089233,0.20583395659923553,0.9596329927444458,0,0,8.865632057189941,0.0033370000310242176,1,0.9999629855155945,-0.006614994257688522,-0.005530000198632479,0,0.008555995300412178,0.8401589393615723,0.5422730445861816,0,0.0010590022429823875,-0.5423000454902649,0.8401839137077332,0,0.06197100132703781,8.261246681213379,0,1,0.9962090253829956,0.08485300093889236,0.019154004752635956,0,-0.08541499823331833,0.9125049114227295,0.400049090385437,0,0.016467003151774406,-0.4001690745353699,0.9162939190864563,0,-0.18438300490379333,5.711742877960205,0,1,-0.026779860258102417,-0.07926902174949646,0.9964929819107056,0,-0.9252210259437561,-0.37546107172966003,-0.05473088100552559,0,0.3784830570220947,-0.923442006111145,-0.06328706443309784,0,-8.159377098083496,9.979677200317383,-0.17284800112247467,1,0.9353139996528625,-0.17313392460346222,-0.30856600403785706,0,0.348548948764801,0.6008250713348389,0.7193899154663086,0,0.0608430840075016,-0.7804059386253357,0.6223060488700867,0,0,16.626705169677734,0,1,0.8134369850158691,-0.5813879370689392,-0.017527997493743896,0,0.5814849138259888,0.8121089935302734,0.04851999506354332,0,-0.01397399790585041,-0.04965999722480774,0.9986680150032043,0,0,21.435754776000977,0,1,0.9420530796051025,-0.07728993892669678,0.3264388144016266,0,0.03365902602672577,0.9899640083312988,0.13725480437278748,0,-0.3337708115577698,-0.11831381916999817,0.935200035572052,0,0,34.91385269165039,0,1,0.8422930240631104,-0.5365409851074219,0.05164499953389168,0,0.45779600739479065,0.7626559734344482,0.4569230079650879,0,-0.28454500436782837,-0.36122000217437744,0.8880059719085693,0,4.671835899353027,3.4724159240722656,0.000003999999989900971,1,0.5976979732513428,0.7872189879417419,-0.1518010050058365,0,-0.7734609842300415,0.6160280108451843,0.1492220014333725,0,0.210984006524086,0.02822200022637844,0.9770820140838623,0,0.4199410080909729,4.637803077697754,0,1,0.967805027961731,-0.25167301297187805,0.003776000114157796,0,0.2465679943561554,0.9449489712715149,-0.21511699259281158,0,0.05057099834084511,0.20912200212478638,0.9765809774398804,0,1.337298035621643,6.01535701751709,0,1,0.9533370137214661,-0.17006300389766693,0.24945199489593506,0,0.21634900569915771,0.9611200094223022,-0.17158597707748413,0,-0.2105730175971985,0.2175479680299759,0.9530640244483948,0,0,8.569920539855957,0.09981100261211395,1,0.9980409741401672,-0.05955100432038307,-0.019189001992344856,0,0.060547005385160446,0.8420000076293945,0.5360699892044067,0,-0.01576700247824192,-0.5361809730529785,0.8439559936523438,0,-0.0016870000399649143,8.041950225830078,0,1,0.9996160268783569,-0.02721700258553028,-0.0051920004189014435,0,0.02706100232899189,0.9186710119247437,0.3940959870815277,0,-0.0059560006484389305,-0.39408499002456665,0.9190539717674255,0,-0.031332001090049744,5.6025471687316895,0,1,-0.8827540278434753,-0.37231796979904175,0.28657495975494385,0,0.39091795682907104,-0.9203870296478271,0.008399995043873787,0,0.2606319785118103,0.11944297701120377,0.9580209851264954,0,17.911487579345703,-4.424811840057373,-0.35127899050712585,1,0.9732189774513245,-0.2213999330997467,-0.06186599284410477,0,0.1400669515132904,0.7845020294189453,-0.6041010022163391,0,0.182281956076622,0.5792570114135742,0.7945020198822021,0,0,28.662208557128906,0,1,0.9648209810256958,-0.12219204008579254,-0.23278500139713287,0,0.26279503107070923,0.4740220010280609,0.8403819799423218,0,0.0076569728553295135,-0.8719930052757263,0.48945799469947815,0,0,26.506521224975586,0,1,0.8814049959182739,0.000001999989990508766,-0.4723620116710663,0,0.3661080002784729,0.6318870186805725,0.6831420063972473,0,0.2984809875488281,-0.7750599980354309,0.5569469928741455,0,0,12.680264472961426,0,1,-0.9443039894104004,0.24139899015426636,-0.22364598512649536,0,-0.27640101313591003,-0.950652003288269,0.14093700051307678,0,-0.17858800292015076,0.19490300118923187,0.9644269943237305,0,-17.911487579345703,-4.424811840057373,-0.029843999072909355,1,0.9881709814071655,0.13286596536636353,0.07657799869775772,0,-0.04994697496294975,0.7509739995002747,-0.6584399938583374,0,-0.14499197900295258,0.6468260288238525,0.748727023601532,0,0,28.661733627319336,0,1,0.9501299858093262,0.19198700785636902,0.24575300514698029,0,-0.30883699655532837,0.4699000120162964,0.8269299864768982,0,0.043280016630887985,-0.8615890145301819,0.5057579874992371,0,0,26.521141052246094,0,1,0.8807910084724426,-0.00691800145432353,0.473455011844635,0,-0.3723439872264862,0.6075900197029114,0.7015659809112549,0,-0.2925199866294861,-0.794219970703125,0.532584011554718,0,0,12.433868408203125,0,1
K0.067,0.997409999370575,-0.007854005321860313,0.07150000333786011,0,0.022317005321383476,0.9787579774856567,-0.20380200445652008,0,-0.06837999820709229,0.20486900210380554,0.9763979911804199,0,-0.004078956786543131,65.34390258789062,0.013495856896042824,1,0.9995899796485901,0.011504004709422588,-0.026231983676552773,0,-0.011222004890441895,0.9998779892921448,0.010867998003959656,0,0.026353983208537102,-0.010568998754024506,0.9995970129966736,0,0,7.964667797088623,-0.6217259764671326,1,0.9999079704284668,-0.0003149988770019263,-0.013579989783465862,0,0.003324996680021286,0.9750019907951355,0.22216999530792236,0,0.013169990852475166,-0.22219499945640564,0.9749130010604858,0,0,9.32037353515625,0,1,0.9999189972877502,-0.00008699885074747726,-0.012694990262389183,0,0.005234995391219854,0.9138219952583313,0.4060809910297394,0,0.011564992368221283,-0.40611499547958374,0.9137489795684814,0,0,10.65185832977295,0,1,0.9979349970817566,-0.06131201237440109,-0.019149011000990868,0,0.05638200789690018,0.9789519906044006,-0.19614802300930023,0,0.030773015692830086,0.19466303288936615,0.9803869724273682,0,0,11.983349800109863,0,1,0.9992570281028748,0.006973988376557827,0.03791794925928116,0,0.0004210022452753037,0.9814730286598206,-0.1916000247001648,0,-0.03855094686150551,0.19147303700447083,0.9807400107383728,0,0,10.677154541015625,1.385388970375061,1,-0.04743211343884468,0.09686098992824554,-0.9941669702529907,0,0.9059280157089233,-0.4150829315185547,-0.08366409689188004,0,-0.4207659363746643,-0.9046120643615723,-0.06805995851755142,0,8.159377098083496,9.977126121520996,-0.14016500115394592,1,0.9149129986763,0.12869402766227722,0.38258495926856995,0,-0.3788509964942932,0.6008779406547546,0.7038600444793701,0,-0.13930393755435944,-0.7889130711555481,0.5985069274902344,0,0,16.626705169677734,0,1,0.7934749126434326,0.6082530617713928,0.020628005266189575,0,-0.6084460616111755,0.7920449376106262,0.04957200586795807,0,0.013814006000757217,-0.051885008811950684,0.998557984828949,0,0,21.426671981811523,0,1,0.9788770079612732,-0.06230302155017853,-0.19472607970237732,0,0.11080605536699295,0.9620950222015381,0.2491900473833084,0,0.17182005941867828,-0.26550304889678955,0.9486759901046753,0,0,34.93510437011719,0,1,0.9137899875640869,0.36729198694229126,-0.17344899475574493,0,-0.2645309865474701,0.8621699810028076,0.4320729970932007,0,0.30823999643325806,-0.34894099831581116,0.8850020170211792,0,-5.531126976013184,3.141443967819214,0,1,0.8839719891548157,-0.43804898858070374,0.16342300176620483,0,0.42432600259780884,0.8984320163726807,0.11299099773168564,0,-0.19631999731063843,-0.030535999685525894,0.9800639748573303,0,-1.3220219612121582,4.914062023162842,0,1,0.9992420077323914,0.02076300047338009,0.03292199969291687,0,-0.012187999673187733,0.9702110290527344,-0.2419539988040924,0,-0.03696500137448311,0.24136899411678314,0.9697290062904358,0,0.19079099595546722,5.793838024139404,0,1,0.9547460079193115,0.1875,-0.23087599873542786,0,-0.22666899859905243,0.9612900018692017,-0.1566610485315323,0,0.1925639808177948,0.2019040435552597,0.9602879881858826,0,0,8.865632057189941,0.0033370000310242176,1,0.999966025352478,-0.006067005451768637,-0.005520000122487545,0,0.008103004656732082,0.8352510333061218,0.549808919429779,0,0.0012749979505315423,-0.5498349666595459,0.8352720737457275,0,0.06197100132703781,8.261246681213379,0,1,0.9961749911308289,0.08514200150966644,0.019628994166851044,0,-0.08572100102901459,0.9088310599327087,0.4082619249820709,0,0.016920996829867363,-0.40838390588760376,0.9126540422439575,0,-0.18438300490379333,5.711742877960205,0,1,-0.01274914015084505,-0.08125797659158707,0.996612012386322,0,-0.9233800172805786,-0.381479948759079,-0.04291611909866333,0,0.38367393612861633,-0.9207990169525146,-0.07016893476247787,0,-8.159377098083496,9.979677200317383,-0.17284800112247467,1,0.936489999294281,-0.1654960811138153,-0.30918800830841064,0,0.34374406933784485,0.6078279614448547,0.7158110737800598,0,0.0694689080119133,-0.7766310572624207,0.6261129379272461,0,0,16.626705169677734,0,1,0.8156599998474121,-0.5782720446586609,-0.017343001440167427,0,0.578368067741394,0.8143470287322998,0.048259004950523376,0,-0.01378400158137083,-0.04939400404691696,0.9986839890480042,0,0,21.435754776000977,0,1,0.948530912399292,-0.07113205641508102,0.30859318375587463,0,0.03625497221946716,0.9924319982528687,0.11732219904661179,0,-0.31460317969322205,-0.10009618103504181,0.9439309239387512,0,0,34.91385269165039,0,1,0.8422930240631104,-0.5365409851074219,0.05164400115609169,0,0.45779600739479065,0.7626559734344482,0.4569230079650879,0,-0.28454500436782837,-0.36122000217437744,0.8880059719085693,0,4.671835899353027,3.4724159240722656,0.000003999999989900971,1,0.5976979732513428,0.7872189879417419,-0.1518010050058365,0,-0.7734619975090027,0.6160280108451843,0.1492220014333725,0,0.210984006524086,0.02822200022637844,0.9770820140838623,0,0.4199410080909729,4.637803077697754,0,1,0.967805027961731,-0.25167301297187805,0.003776000114157796,0,0.2465679943561554,0.9449489712715149,-0.21511699259281158,0,0.05057099834084511,0.20912200212478638,0.9765809774398804,0,1.337298035621643,6.01535701751709,0,1,0.9532610177993774,-0.17040599882602692,0.2495110034942627,0,0.21595600247383118,0.961808979511261,-0.16818402707576752,0,-0.21132297813892365,0.2142060250043869,0.9536550045013428,0,0,8.569920539855957,0.09981100261211395,1,0.9980229735374451,-0.05979899689555168,-0.019366998225450516,0,0.06080499663949013,0.8403819799423218,0.5385739803314209,0,-0.015929998829960823,-0.5386859774589539,0.8423560261726379,0,-0.0016870000399649143,8.041950225830078,0,1,0.9996129870414734,-0.027312997728586197,-0.005223999731242657,0,0.02715499885380268,0.9182800054550171,0.3949989974498749,0,-0.00599099975079298,-0.3949880003929138,0.9186670184135437,0,-0.031332001090049744,5.6025471687316895,0,1,-0.8847969770431519,-0.3692700266838074,0.2842060327529907,0,0.38731202483177185,-0.9219139814376831,0.007943004369735718,0,0.25908103585243225,0.11710502207279205,0.9587299823760986,0,17.911487579345703,-4.424811840057373,-0.35127899050712585,1,0.9746720194816589,-0.21515506505966187,-0.061016008257865906,0,0.13594505190849304,0.7866389751434326,-0.6022610068321228,0,0.17757704854011536,0.5787129998207092,0.7959640026092529,0,0,28.662208557128906,0,1,0.9642400145530701,-0.12560896575450897,-0.23337499797344208,0,0.26498496532440186,0.4733319878578186,0.8400830030441284,0,0.004942026920616627,-0.871882975101471,0.48969000577926636,0,0,26.506521224975586,0,1,0.8814049959182739,0.0000010000098882301245,-0.4723620116710663,0,0.3661080002784729,0.6318879723548889,0.6831409931182861,0,0.2984809875488281,-0.7750599980354309,0.5569490194320679,0,0,12.680264472961426,0,1,-0.9447619915008545,0.24050702154636383,-0.22266902029514313,0,-0.275285005569458,-0.9509919881820679,0.14083099365234375,0,-0.1778859943151474,0.194349005818367,0.9646679759025574,0,-17.911487579345703,-4.424811840057373,-0.029843999072909355,1,0.9886050224304199,0.12956002354621887,0.07665000110864639,0,-0.04749802500009537,0.7516360282897949,-0.6578660011291504,0,-0.142846018075943,0.6467289924621582,0.7492240071296692,0,0,28.661733627319336,0,1,0.9497299790382385,0.1937219798564911,0.24593700468540192,0,-0.3098750114440918,0.4697139859199524,0.8266479969024658,0,0.044618986546993256,-0.8613020181655884,0.5061309933662415,0,0,26.521141052246094,0,1,0.8807640075683594,-0.00707399845123291,0.4735029935836792,0,-0.3723660111427307,0.6074069738388062,0.7017120122909546,0,-0.2925730049610138,-0.794359028339386,0.5323479771614075,0,0,12.433868408203125,0,1
K0.100,0.9973909854888916,-0.0072189997881650925,0.07182300090789795,0,0.021757999435067177,0.9787769913673401,-0.2037699967622757,0,-0.06882800161838531,0.20480099320411682,0.9763810038566589,0,-0.008144999854266644,65.36846923828125,0.03496899828314781,1,0.9995520114898682,0.010958000086247921,-0.02786399982869625,0,-0.01066100038588047,0.9998850226402283,0.010789000429213047,0,0.02797899954020977,-0.010487000457942486,0.9995539784431458,0,0,7.964667797088623,-0.6217259764671326,1,0.9998930096626282,-0.0004189999890513718,-0.01459799986332655,0,0.0036440000403672457,0.9751229882240295,0.22163400053977966,0,0.014142000116407871,-0.22166399657726288,0.9750210046768188,0,0,9.32037353515625,0,1,0.9999070167541504,-0.0001900000061141327,-0.013627000153064728,0,0.0057020001113414764,0.9140070080757141,0.4056589901447296,0,0.012378999963402748,-0.4056990146636963,0.9139230251312256,0,0,10.65185832977295,0,1,0.9980159997940063,-0.06033699959516525,-0.01800999976694584,0,0.05576299875974655,0.9797530174255371,-0.19228799641132355,0,0.029247000813484192,0.1909019947052002,0.9811729788780212,0,0,11.983349800109863,0,1,0.9990109801292419,0.007942000404000282,0.04374599829316139,0,0.00043700000969693065,0.9821149706840515,-0.18828099966049194,0,-0.04445900022983551,0.1881140023469925,0.9811400175094604,0,0,10.677154541015625,1.385388970375061,1,-0.035705000162124634,0.09749799966812134,-0.9945949912071228,0,0.9033070206642151,-0.4225890040397644,-0.073853999376297,0,-0.4275049865245819,-0.90106201171875,-0.07298199832439423,0,8.159377098083496,9.977126121520996,-0.14016500115394592,1,0.9138969779014587,0.12496700137853622,0.3862319886684418,0,-0.3784799873828888,0.6063230037689209,0.6993749737739563,0,-0.14678199589252472,-0.7853379845619202,0.6014140248298645,0,0,16.626705169677734,0,1,0.7996540069580078,0.6001229882240295,0.020123999565839767,0,-0.6003140211105347,0.7982680201530457,0.04890900105237961,0,0.013287000358104706,-0.05119200050830841,0.9986000061035156,0,0,21.426671981811523,0,1,0.9805129766464233,-0.06118300184607506,-0.1866849958896637,0,0.10694800317287445,0.9633529782295227,0.2459930032491684,0,0.164792999625206,-0.26116499304771423,0.9511240124702454,0,0,34.93510437011719,0,1,0.9137899875640869,0.36729198694229126,-0.17344899475574493,0,-0.2645309865474701,0.8621699810028076,0.4320729970932007,0,0.30823999643325806,-0.34894099831581116,0.8850020170211792,0,-5.531126976013184,3.141443967819214,0,1,0.8839719891548157,-0.43804898858070374,0.16342300176620483,0,0.42432600259780884,0.8984320163726807,0.11299099773168564,0,-0.19631999731063843,-0.030535999685525894,0.9800639748573303,0,-1.3220219612121582,4.914062023162842,0,1,0.9992420077323914,0.02076300047338009,0.03292100131511688,0,-0.012187999673187733,0.9702110290527344,-0.2419539988040924,0,-0.03696399927139282,0.24136899411678314,0.9697290062904358,0,0.19079099595546722,5.793838024139404,0,1,0.9546859860420227,0.1877949982881546,-0.23088400065898895,0,-0.2259189933538437,0.962302029132843,-0.1514430046081543,0,0.19373999536037445,0.1967419981956482,0.961122989654541,0,0,8.865632057189941,0.0033370000310242176,1,0.9999709725379944,-0.005348999984562397,-0.005497999954968691,0,0.0075090001337230206,0.8287090063095093,0.5596290230751038,0,0.001563000027090311,-0.5596539974212646,0.8287249803543091,0,0.06197100132703781,8.261246681213379,0,1,0.9961310029029846,0.08551300317049026,0.020255999639630318,0,-0.0861160010099411,0.9038980007171631,0.41898998618125916,0,0.0175199992954731,-0.41911301016807556,0.9077649712562561,0,-0.18438300490379333,5.711742877960205,0,1,0.001661999267525971,-0.08317399770021439,0.996533989906311,0,-0.9212560057640076,-0.38773399591445923,-0.030825000256299973,0,0.3889540135860443,-0.9180110096931458,-0.07726900279521942,0,-8.159377098083496,9.979677200317383,-0.17284800112247467,1,0.9379389882087708,-0.15735100209712982,-0.30904701352119446,0,0.33790600299835205,0.6151700019836426,0.7123100161552429,0,0.07803399860858917,-0.7725319862365723,0.6301620006561279,0,0,16.626705169677734,0,1,0.8169789910316467,-0.5764099955558777,-0.017232999205589294,0,0.5765050053596497,0.8156759738922119,0.048103999346494675,0,-0.013670999556779861,-0.04923500120639801,0.9986940026283264,0,0,21.435754776000977,0,1,0.9558079838752747,-0.06429799646139145,0.2868730127811432,0,0.038068998605012894,0.9946439862251282,0.09609699994325638,0,-0.2915149927139282,-0.08092900365591049,0.9531369805335999,0,0,34.91385269165039,0,1,0.8422930240631104,-0.5365409851074219,0.05164499953389168,0,0.45779600739479065,0.7626559734344482,0.4569230079650879,0,-0.28454500436782837,-0.36122000217437744,0.8880059719085693,0,4.671835899353027,3.4724159240722656,0.000003999999989900971,1,0.5976979732513428,0.7872189879417419,-0.1518010050058365,0,-0.7734619975090027,0.6160269975662231,0.1492220014333725,0,0.210984006524086,0.02822200022637844,0.9770820140838623,0,0.4199410080909729,4.637803077697754,0,1,0.967805027961731,-0.25167301297187805,0.0037750001065433025,0,0.2465679943561554,0.9449489712715149,-0.21511699259281158,0,0.05057099834084511,0.20912200212478638,0.9765809774398804,0,1.337298035621643,6.01535701751709,0,1,0.9531469941139221,-0.17091499269008636,0.24959799647331238,0,0.21536999940872192,0.9628080129623413,-0.1631460040807724,0,-0.21243099868297577,0.20925800502300262,0.9545069932937622,0,0,8.569920539855957,0.09981100261211395,1,0.9979950189590454,-0.06016499921679497,-0.019632000476121902,0,0.06118600070476532,0.8379740118980408,0.5422689914703369,0,-0.01617399975657463,-0.5423830151557922,0.8399760127067566,0,-0.0016870000399649143,8.041950225830078,0,1,0.9996089935302734,-0.027455000206828117,-0.0052720000967383385,0,0.027295999228954315,0.917701005935669,0.3963339924812317,0,-0.0060430001467466354,-0.39632299542427063,0.9180909991264343,0,-0.031332001090049744,5.6025471687316895,0,1,-0.8871039748191833,-0.36581799387931824,0.281466007232666,0,0.38317298889160156,-0.9236479997634888,0.007203999906778336,0,0.2573409974575043,0.11424099653959274,0.9595440030097961,0,17.911487579345703,-4.424811840057373,-0.35127899050712585,1,0.9763000011444092,-0.20795400440692902,-0.05993799865245819,0,0.13125400245189667,0.7891520261764526,-0.6000099778175354,0,0.17207500338554382,0.5779229998588562,0.7977439761161804,0,0,28.662208557128906,0,1,0.9635540246963501,-0.1295129954814911,-0.23407100141048431,0,0.2675060033798218,0.47250598669052124,0.8397489786148071,0,0.0018410001648589969,-0.8717589974403381,0.48993098735809326,0,0,26.506521224975586,0,1,0.8814049959182739,0,-0.4723620116710663,0,0.3661080002784729,0.6318879723548889,0.6831420063972473,0,0.2984809875488281,-0.7750599980354309,0.5569480061531067,0,0,12.680264472961426,0,1,-0.945376992225647,0.23928800225257874,-0.2213670015335083,0,-0.27374398708343506,-0.9514769911766052,0.14055700600147247,0,-0.1769919991493225,0.19347800314426422,0.965008020401001,0,-17.911487579345703,-4.424811840057373,-0.029843999072909355,1,0.9891440272331238,0.12538400292396545,0.07664100080728531,0,-0.0444910004734993,0.7525749802589417,-0.6570010185241699,0,-0.14005599915981293,0.6464589834213257,0.749983012676239,0,0,28.661733627319336,0,1,0.9492719769477844,0.1956769973039627,0.2461549937725067,0,-0.31105199456214905,0.4694550037384033,0.8263530135154724,0,0.046140000224113464,-0.8610010147094727,0.5065060257911682,0,0,26.521141052246094,0,1,0.8807430267333984,-0.007195999845862389,0.4735400080680847,0,-0.3723829984664917,0.60726398229599,0.7018269896507263,0,-0.29261401295661926,-0.7944669723510742,0.5321639776229858,0,0,12.433868408203125,0,1
