2.167,30,65,41
B0,mixamorig_Hips,-1,0.8602197170257568,0.06899980455636978,0.5044218301773071,0,-0.07022619992494583,0.9973639845848083,-0.016290485858917236,0,-0.5042094588279724,-0.02127498760819435,0.8628316521644592,0,-6.630472183227539,56.68661880493164,4.688447952270508,1
B1,mixamorig_Spine,0,0.9994881749153137,-0.018474873155355453,-0.026049256324768066,0,0.020873701199889183,0.9952540397644043,0.09501541405916214,0,0.0241682231426239,-0.09551233053207397,0.995134174823761,0,0,7.964667797088623,-0.6217259764671326,1
B2,mixamorig_Spine1,1,0.9969915151596069,-0.044475678354501724,-0.06329134851694107,0,0.05076141282916069,0.9935405850410461,0.10136562585830688,0,0.05836496129631996,-0.10428336262702942,0.9928295016288757,0,0,9.32037353515625,0,1
B3,mixamorig_Spine2,2,0.9969915151596069,-0.04444297030568123,-0.0633091852068901,0,0.050752412527799606,0.9935008883476257,0.10175491869449615,0,0.05836666747927666,-0.10467235743999481,0.9927883744239807,0,0,10.65185832977295,0,1
B4,mixamorig_Neck,3,0.9858750104904175,0.03872966021299362,-0.1603887975215912,0,0.00032907319837249815,0.9710513353347778,0.23748622834682465,0,0.1652647703886032,-0.23468171060085297,0.9577355980873108,0,0,11.983349800109863,9.999999974752427e-7,1
B5,mixamorig_Head,4,0.9923080205917358,-0.07632128149271011,-0.09703271090984344,0,0.050635989755392075,0.9684435129165649,-0.24384582042694092,0,0.11256199330091476,0.23709262907505035,0.9649369716644287,0,0,10.677154541015625,1.385388970375061,1
B6,mixamorig_HeadTop_End,5,1,0,0,0,0,1,0,0,0,0,1,0,0,72.67863464355469,9.430248260498047,1
B7,mixamorig_LeftShoulder,3,-0.16668714582920074,-0.6891549825668335,-0.7047340273857117,0,0.9714874029159546,0.0063270083628594875,-0.2358795702457428,0,0.16736741364002228,-0.7242359519004822,0.6688140630722046,0,8.159377098083496,9.977126121520996,-0.14016500115394592,1
B8,mixamorig_LeftArm,7,0.6395345330238342,-0.02530546858906746,0.7670108079910278,0,0.44598597288131714,0.8248302936553955,-0.3446388840675354,0,-0.6249653697013855,0.5639162659645081,0.5397585034370422,0,0,16.626705169677734,0,1
B9,mixamorig_LeftForeArm,8,-0.28581687808036804,0.9525975584983826,-0.01932722143828869,0,-0.9539092779159546,-0.2877279222011566,0.022750169038772583,0,0.020572196692228317,0.028667259961366653,0.996716320514679,0,0,21.426671981811523,0,1
B10,mixamorig_LeftHand,9,0.883086085319519,-0.08728021383285522,-0.46029654145240784,0,0.13990044593811035,0.985065221786499,0.07886143028736115,0,0.44748347997665405,-0.1338343620300293,0.8819157481193542,0,0,34.93510437011719,0,1
B11,mixamorig_LeftHandThumb1,10,0.8908973336219788,0.41193217039108276,-0.19107620418071747,0,-0.36192387342453003,0.8981168866157532,0.24940520524978638,0,0.27429425716400146,-0.15303027629852295,0.9492480158805847,0,-5.531126976013184,3.141443967819214,0,1
B12,mixamorig_LeftHandThumb2,11,0.9383948445320129,0.2833705246448517,0.19768159091472626,0,-0.302574098110199,0.9502307176589966,0.07401487231254578,0,-0.16686740517616272,-0.12927013635635376,0.9774324893951416,0,-1.3220219612121582,4.914062023162842,0,1
B13,mixamorig_LeftHandThumb3,12,0.7817367911338806,0.6226474642753601,0.032420508563518524,0,-0.6227126121520996,0.7823268175125122,-0.011114922352135181,0,-0.03235382214188576,-0.011465809307992458,0.9993523955345154,0,0.19079099595546722,5.793838024139404,0,1
B14,mixamorig_LeftHandThumb4,13,1,0,0,0,0,1,0,0,0,0,1,0,1.1312299966812134,4.6004509925842285,0,1
B15,mixamorig_LeftHandIndex1,10,0.9569920301437378,0.15188482403755188,-0.24711212515830994,0,-0.22211971879005432,0.931593656539917,-0.28768426179885864,0,0.18650326132774353,0.3301869332790375,0.9252863526344299,0,0,8.865632057189941,0.0033370000310242176,1
B16,mixamorig_LeftHandIndex2,15,0.9995753169059753,-0.02904636040329933,0.0021172519773244858,0,0.028727196156978607,0.9953068494796753,0.09224078804254532,0,-0.004782872274518013,-0.09214133024215698,0.9957188367843628,0,0.06197100132703781,8.261246681213379,0,1
B17,mixamorig_LeftHandIndex3,16,0.9967667460441589,0.08014356344938278,0.005691233091056347,0,-0.08030322939157486,0.9914150238037109,0.10310760885477066,0,0.002623417181894183,-0.10323140025138855,0.9946455955505371,0,-0.18438300490379333,5.711742877960205,0,1
B18,mixamorig_LeftHandIndex4,17,1,0,0,0,0,1,0,0,0,0,1,0,0.12241200357675552,3.468430995941162,0,1
B19,mixamorig_RightShoulder,3,0.18016158044338226,0.7587882876396179,0.6248011589050293,0,-0.9226735830307007,0.34928521513938904,-0.15789388120174408,0,-0.3386233448982239,-0.548128068447113,0.7644838094711304,0,-8.159377098083496,9.979677200317383,-0.17284800112247467,1
B20,mixamorig_RightArm,19,0.7880281209945679,0.08154015243053436,-0.6029877662658691,0,-0.26427027583122253,0.937833309173584,-0.20812085270881653,0,0.5461071133613586,0.3269251883029938,0.7630395293235779,0,0,16.626705169677734,0,1
B21,mixamorig_RightForeArm,20,-0.10689469426870346,-0.9409922957420349,-0.313738614320755,0,0.9130941033363342,-0.21922925114631653,0.33220210671424866,0,-0.3836331069469452,-0.24794146418571472,0.884239912033081,0,0,21.435754776000977,0,1
B22,mixamorig_RightHand,21,0.83756023645401,-0.24967031180858612,0.4837677776813507,0,0.45070356130599976,0.8169007301330566,-0.35162588953971863,0,-0.30659887194633484,0.5127699971199036,0.7970163822174072,0,0,34.91385269165039,0,1
B23,mixamorig_RightHandThumb1,22,0.7542592883110046,-0.6459452509880066,0.11367981880903244,0,0.6452366709709167,0.7617828249931335,0.044511619955301285,0,-0.1151556670665741,0.03908617049455643,0.9921718835830688,0,4.671835899353027,3.4724159240722656,0.000003999999989900971,1
B24,mixamorig_RightHandThumb2,23,0.9682672619819641,0.17889507114887238,-0.17443440854549408,0,-0.15588822960853577,0.97810298204422,0.13779397308826447,0,0.19526904821395874,-0.10623201727867126,0.974979043006897,0,0.4199410080909729,4.637803077697754,0,1
B25,mixamorig_RightHandThumb3,24,0.8966206312179565,-0.44228097796440125,0.014452488161623478,0,0.44251734018325806,0.8961611390113831,-0.028676094487309456,0,-0.00029299952439032495,0.03211447224020958,0.9994833469390869,0,1.337298035621643,6.01535701751709,0,1
B26,mixamorig_RightHandThumb4,25,1,0,0,0,0,1,0,0,0,0,1,0,-1.7572389841079712,5.047922134399414,0,1
B27,mixamorig_RightHandIndex1,22,0.9490675926208496,-0.14377601444721222,0.28014862537384033,0,0.2780740261077881,0.8001150488853455,-0.5314227938652039,0,-0.147766575217247,0.5822609663009644,0.7994375228881836,0,0,8.569920539855957,0.09981100261211395,1
B28,mixamorig_RightHandIndex2,27,0.9995667934417725,-0.028503665700554848,-0.004690901841968298,0,0.028887368738651276,0.9873755574226379,0.15265071392059326,0,0.00010972321615554392,-0.15272296965122223,0.9878022074699402,0,-0.0016870000399649143,8.041950225830078,0,1
B29,mixamorig_RightHandIndex3,28,0.9999211430549622,0.010865784250199795,0.0002228018711321056,0,-0.010857450775802135,0.9987335205078125,0.035041749477386475,0,-0.00005302581485011615,-0.03504541516304016,0.998811662197113,0,-0.031332001090049744,5.6025471687316895,0,1
B30,mixamorig_RightHandIndex4,29,1,0,0,0,0,1,0,0,0,0,1,0,0.03302000090479851,3.9876890182495117,0,1
B31,mixamorig_LeftUpLeg,0,-0.9163467288017273,-0.3150170147418976,0.2469470202922821,0,0.3885042071342468,-0.5510911345481873,0.737098753452301,0,-0.0959128811955452,0.7714362740516663,0.6273661851882935,0,17.911487579345703,-4.424811840057373,-0.35127899050712585,1
B32,mixamorig_LeftLeg,31,0.8817691206932068,-0.4703547954559326,0.024053100496530533,0,0.23577284812927246,0.3969145119190216,-0.8856067657470703,0,0.4082542955875397,0.7865439057350159,0.46126773953437805,0,0,28.662208557128906,0,1
B33,mixamorig_LeftFoot,32,0.9450997710227966,-0.18204618990421295,-0.26921871304512024,0,0.3181705176830292,0.6936010718345642,0.6456398367881775,0,0.06978222727775574,-0.6958036422729492,0.7139388918876648,0,0,26.506521224975586,0,1
B34,mixamorig_LeftToeBase,33,0.8519806265830994,0.14015896618366241,-0.5043350458145142,0,0.3668772280216217,0.5275242328643799,0.7661963701248169,0,0.3734477758407593,-0.8378080725669861,0.3980241119861603,0,0,12.680264472961426,0,1
B35,mixamorig_LeftToe_End,34,1,0,0,0,0,1,0,0,0,0,1,0,0,5.151862144470215,0,1
B36,mixamorig_RightUpLeg,0,-0.8359243869781494,0.5486277341842651,-0.014310164377093315,0,-0.5457435846328735,-0.8282676339149475,0.12673921883106232,0,0.05770173668861389,0.1137249767780304,0.9918034672737122,0,-17.911487579345703,-4.424811840057373,-0.029843999072909355,1
B37,mixamorig_RightLeg,36,0.975107729434967,0.1611500382423401,0.15104711055755615,0,0.06965316832065582,0.41915732622146606,-0.9028461575508118,0,-0.20967738330364227,0.8909946084022522,0.3972689211368561,0,0,28.661733627319336,0,1
B38,mixamorig_RightFoot,37,0.8844502568244934,0.2396264225244522,0.3997628390789032,0,-0.4523634910583496,0.23008862137794495,0.8607319593429565,0,0.11450808495283127,-0.9421151876449585,0.31189048290252686,0,0,26.521141052246094,0,1
B39,mixamorig_RightToeBase,38,0.837425947189331,-0.27624213695526123,0.4714714586734772,0,-0.4079875349998474,0.2579098343849182,0.8754672408103943,0,-0.3636585772037506,-0.9254962801933289,0.10324157774448395,0,0,12.433868408203125,0,1
B40,mixamorig_RightToe_End,39,1,0,0,0,0,1,0,0,0,0,1,0,0,5.0621209144592285,0,1
@34,0,1,2,3,4,5,7,8,9,10,11,12,13,15,16,17,19,20,21,22,23,24,25,27,28,29,31,32,33,34,36,37,38,39
K0.000,0.5241140127182007,0.0668020024895668,0.8490239977836609,0,-0.05857500061392784,0.9973859786987305,-0.04231499880552292,0,-0.8496310114860535,-0.027553999796509743,0.526656985282898,0,-0.7186440229415894,58.620765686035156,0.27855199575424194,1,0.9989699721336365,-0.04428499937057495,-0.009840000420808792,0,0.04513299837708473,0.9921140074729919,0.11693499982357025,0,0.00458399998024106,-0.11725900322198868,0.9930909872055054,0,0,7.964667797088623,-0.6217259764671326,1,0.9952399730682373,-0.09488300234079361,-0.022221999242901802,0,0.09711600095033646,0.9845690131187439,0.14557500183582306,0,0.008066000416874886,-0.147039994597435,0.9890980124473572,0,0,9.32037353515625,0,1,0.9952409863471985,-0.09486600011587143,-0.022259000688791275,0,0.09710799902677536,0.984512984752655,0.1459610015153885,0,0.008067999966442585,-0.1474280059337616,0.9890400171279907,0,0,10.65185832977295,0,1,0.8858389854431152,0.07799600064754486,-0.45739099383354187,0,-0.18930299580097198,0.9607489705085754,-0.20279599726200104,0,0.42361998558044434,0.2662299871444702,0.8658329844474792,0,0,11.983349800109863,0,1,0.9014269709587097,-0.05818499997258186,-0.4290040135383606,0,0.05054200068116188,0.9982950091362,-0.029198000207543373,0,0.42997199296951294,0.004637000150978565,0.9028300046920776,0,0,10.677154541015625,1.385388970375061,1,0.17868100106716156,-0.10716599971055984,-0.9780529737472534,0,0.9400339722633362,-0.2749350070953369,0.2018599957227707,0,-0.29053398966789246,-0.9554719924926758,0.051614001393318176,0,8.159377098083496,9.977126121520996,-0.14016500115394592,1,0.9064030051231384,-0.11620199680328369,0.4061160087585449,0,-0.0754999965429306,0.9013699889183044,0.4264180064201355,0,-0.41561099886894226,-0.4171690046787262,0.808230996131897,0,0,16.626705169677734,0,1,0.7312290072441101,0.6816700100898743,0.025111999362707138,0,-0.6818370223045349,0.7293350100517273,0.056299999356269836,0,0.020062999799847603,-0.05829000100493431,0.9980980157852173,0,0,21.426671981811523,0,1,0.8118219971656799,0.058605000376701355,-0.580955982208252,0,-0.21221700310707092,0.9565250277519226,-0.20005899667739868,0,0.5439749956130981,0.2857010066509247,0.7889649868011475,0,0,34.93510437011719,0,1,0.8783109784126282,0.42318299412727356,-0.2224539965391159,0,-0.3890889883041382,0.9030920267105103,0.18175500631332397,0,0.27781200408935547,-0.07308200001716614,0.957850992679596,0,-5.531126976013184,3.141443967819214,0,1,0.9875820279121399,-0.018890999257564545,0.15596100687980652,0,-0.0011699999449774623,0.9918320178985596,0.12754599750041962,0,-0.1570969969034195,-0.12614500522613525,0.9794939756393433,0,-1.3220219612121582,4.914062023162842,0,1,0.9856209754943848,0.16756199300289154,0.021757999435067177,0,-0.16684100031852722,0.9854789972305298,-0.031557999551296234,0,-0.026729999110102654,0.027473999187350273,0.9992650151252747,0,0.19079099595546722,5.793838024139404,0,1,0.9702569842338562,-0.004240000154823065,-0.24203799664974213,0,-0.040842000395059586,0.9826459884643555,-0.1809380054473877,0,0.23860499262809753,0.1854420006275177,0.953245997428894,0,0,8.865632057189941,0.0033370000310242176,1,0.9991779923439026,0.03876100108027458,0.011842000298202038,0,-0.03936300054192543,0.8584640026092529,0.5113620162010193,0,0.00965499971061945,-0.5114079713821411,0.859283983707428,0,0.06197100132703781,8.261246681213379,0,1,0.9894239902496338,0.1378449946641922,0.045162998139858246,0,-0.14083600044250488,0.8383409976959229,0.526639997959137,0,0.03473199903964996,-0.52742999792099,0.8488879799842834,0,-0.18438300490379333,5.711742877960205,0,1,0.16227200627326965,0.0951090008020401,0.982151985168457,0,-0.95066899061203,-0.25161200761795044,0.18143600225448608,0,0.26437699794769287,-0.9631440043449402,0.049587998539209366,0,-8.159377098083496,9.979677200317383,-0.17284800112247467,1,0.661791980266571,0.3391599953174591,-0.668582022190094,0,0.0049959998577833176,0.8897989988327026,0.4563240110874176,0,0.7496709823608398,-0.3053320050239563,0.5871670246124268,0,0,16.626705169677734,0,1,-0.31060200929641724,-0.9121689796447754,-0.2673470079898834,0,0.9363729953765869,-0.34199899435043335,0.07900600135326385,0,-0.16349899768829346,-0.22579699754714966,0.9603559970855713,0,0,21.435754776000977,0,1,0.9787129759788513,-0.18771299719810486,0.08297699689865112,0,0.20068499445915222,0.959975004196167,-0.1953829973936081,0,-0.042980000376701355,0.20787599682807922,0.9772099852561951,0,0,34.91385269165039,0,1,0.7825859785079956,-0.5880320072174072,0.20439499616622925,0,0.556056022644043,0.8078910112380981,0.19523000717163086,0,-0.2799299955368042,-0.03912999853491783,0.9592229723930359,0,4.671835899353027,3.4724159240722656,0.000003999999989900971,1,0.9139320254325867,0.37989598512649536,-0.14285600185394287,0,-0.35787999629974365,0.9203280210494995,0.1578579992055893,0,0.19144299626350403,-0.09314599633216858,0.9770740270614624,0,0.4199410080909729,4.637803077697754,0,1,0.9619119763374329,-0.2728790044784546,0.016189999878406525,0,0.27334100008010864,0.9608370065689087,-0.045577000826597214,0,-0.0031190000008791685,0.048266999423503876,0.9988300204277039,0,1.337298035621643,6.01535701751709,0,1,0.9220629930496216,-0.15351499617099762,0.35529300570487976,0,0.2286739945411682,0.9567009806632996,-0.18008700013160706,0,-0.31226301193237305,0.247298002243042,0.9172430038452148,0,0,8.569920539855957,0.09981100261211395,1,0.9983429908752441,-0.05609000101685524,-0.012818999588489532,0,0.05732399970293045,0.9505620002746582,0.30519899725914,0,-0.004933000076562166,-0.30542799830436707,0.9522020220756531,0,-0.0016870000399649143,8.041950225830078,0,1,0.9984530210494995,-0.05401499941945076,-0.013174000196158886,0,0.05488099902868271,0.9195799827575684,0.38905099034309387,0,-0.008899999782443047,-0.3891719877719879,0.9211220145225525,0,-0.031332001090049744,5.6025471687316895,0,1,-0.8345440030097961,-0.3794980049133301,0.39939698576927185,0,0.5356969833374023,-0.7282990217208862,0.42732900381088257,0,0.12871000170707703,0.570580005645752,0.8110929727554321,0,17.911487579345703,-4.424811840057373,-0.35127899050712585,1,0.9395459890365601,-0.338919997215271,0.04885699972510338,0,0.24999499320983887,0.5814200043678284,-0.7742440104484558,0,0.23399999737739563,0.7396510243415833,0.6309990286827087,0,0,28.662208557128906,0,1,0.9405249953269958,-0.16595299541950226,-0.2964330017566681,0,0.33921200037002563,0.5066530108451843,0.7926139831542969,0,0.018651999533176422,-0.8460270166397095,0.5328130125999451,0,0,26.506521224975586,0,1,0.8838520050048828,0.0245789997279644,-0.4671210050582886,0,0.34587401151657104,0.6379820108413696,0.6880049705505371,0,0.3149249851703644,-0.7696589827537537,0.5553799867630005,0,0,12.680264472961426,0,1,-0.827701985836029,0.43202099204063416,-0.35814499855041504,0,-0.5541970133781433,-0.7295820116996765,0.40071800351142883,0,-0.08817800134420395,0.5301579833030701,0.843300998210907,0,-17.911487579345703,-4.424811840057373,-0.029843999072909355,1,0.9878950119018555,0.07018899917602539,0.13833600282669067,0,0.08684799820184708,0.48865601420402527,-0.8681430220603943,0,-0.1285330057144165,0.8696479797363281,0.4766460061073303,0,0,28.661733627319336,0,1,0.8560760021209717,0.2957009971141815,0.42390498518943787,0,-0.49005699157714844,0.2037460058927536,0.8475440144538879,0,0.16425099968910217,-0.9333000183105469,0.3193320035934448,0,0,26.521141052246094,0,1,0.8832970261573792,-0.021978000178933144,0.4682979881763458,0,-0.3549500107765198,0.6212019920349121,0.6986550092697144,0,-0.3062629997730255,-0.7833430171012878,0.5409039855003357,0,0,12.433868408203125,0,1
K0.033,0.5290821194648743,0.05837089568376541,0.8465609550476074,0,-0.049857888370752335,0.9980459809303284,-0.037655945867300034,0,-0.8471049666404724,-0.02228492870926857,0.5309581160545349,0,-0.8492727875709534,58.813289642333984,0.40320438146591187,1,0.9992139935493469,-0.03911597281694412,-0.00648492993786931,0,0.03960096463561058,0.9926580190658569,0.11429198831319809,0,0.0019659341778606176,-0.11445898562669754,0.9934260249137878,0,0,7.964667797088623,-0.6217259764671326,1,0.9963970184326172,-0.08334692567586899,-0.01567886397242546,0,0.08472590893507004,0.9864469766616821,0.14051596820354462,0,0.0037548772525042295,-0.14133797585964203,0.9899539947509766,0,0,9.32037353515625,0,1,0.9963979721069336,-0.08333292603492737,-0.015711864456534386,0,0.08471790701150894,0.9863920211791992,0.14090196788311005,0,0.003755877260118723,-0.14172597229480743,0.9898989796638489,0,0,10.65185832977295,0,1,0.8910099864006042,0.06893100589513779,-0.44871997833251953,0,-0.19997817277908325,0.9469398856163025,-0.25162336230278015,0,0.4075658917427063,0.31393343210220337,0.857516884803772,0,0,11.983349800109863,0,1,0.9080439805984497,-0.016836687922477722,-0.4185360074043274,0,0.011701712384819984,0.9998220205307007,-0.014832873828709126,0,0.41871100664138794,0.008571005426347256,0.9080790281295776,0,0,10.677154541015625,1.385388970375061,1,0.17271386086940765,-0.10909322649240494,-0.9789119958877563,0,0.9421830773353577,-0.27144983410835266,0.19648492336273193,0,-0.28715986013412476,-0.956250011920929,0.05590328574180603,0,8.159377098083496,9.977126121520996,-0.14016500115394592,1,0.9197852611541748,-0.12602832913398743,0.3716331422328949,0,-0.04260815307497978,0.9093541502952576,0.41383564472198486,0,-0.3901013135910034,-0.3964744508266449,0.8310405611991882,0,0,16.626705169677734,0,1,0.7042441964149475,0.7090596556663513,0.03568727523088455,0,-0.7098796367645264,0.7025322914123535,0.050195835530757904,0,0.010520759038627148,-0.06068409979343414,0.9981020092964172,0,0,21.426671981811523,0,1,0.8171391487121582,0.08048750460147858,-0.5707947015762329,0,-0.20539280772209167,0.9658671617507935,-0.15783987939357758,0,0.5386078953742981,0.24621392786502838,0.8057793378829956,0,0,34.93510437011719,0,1,0.879459023475647,0.41812387108802795,-0.2274281233549118,0,-0.39068400859832764,0.9070620536804199,0.1568545252084732,0,0.27187591791152954,-0.049094535410404205,0.9610790610313416,0,-5.531126976013184,3.141443967819214,0,1,0.9882760047912598,-0.014666887931525707,0.15197092294692993,0,-0.004839099012315273,0.9918659925460815,0.12719398736953735,0,-0.15259991586208344,-0.12643900513648987,0.9801669716835022,0,-1.3220219612121582,4.914062023162842,0,1,0.9886670708656311,0.14945366978645325,0.01421085000038147,0,-0.1488896757364273,0.988243043422699,-0.03476208820939064,0,-0.019238850101828575,0.03225211054086685,0.9992949962615967,0,0.19079099595546722,5.793838024139404,0,1,0.9674749374389648,0.010150348767638206,-0.25276219844818115,0,-0.04406808316707611,0.9906790852546692,-0.12889191508293152,0,0.24909822642803192,0.13583897054195404,0.9589049816131592,0,0,8.865632057189941,0.0033370000310242176,1,0.9988160133361816,0.04630514234304428,0.014940071851015091,0,-0.046836141496896744,0.831826388835907,0.5530557632446289,0,0.01318208035081625,-0.5531007647514343,0.8330103754997253,0,0.06197100132703781,8.261246681213379,0,1,0.988519012928009,0.14251108467578888,0.050209108740091324,0,-0.14592508971691132,0.8142394423484802,0.5618886351585388,0,0.03919309377670288,-0.5627646446228027,0.8256874680519104,0,-0.18438300490379333,5.711742877960205,0,1,0.15013468265533447,0.09580524265766144,0.984013020992279,0,-0.9586021900177002,-0.2294674515724182,0.1685986965894699,0,0.24195146560668945,-0.9685900807380676,0.05738739296793938,0,-8.159377098083496,9.979677200317383,-0.17284800112247467,1,0.6956888437271118,0.3336527645587921,-0.6361551284790039,0,-0.00976337119936943,0.889896035194397,0.45605888962745667,0,0.7182770371437073,-0.31106409430503845,0.6223489046096802,0,0,16.626705169677734,0,1,-0.31909415125846863,-0.918816089630127,-0.23228409886360168,0,0.9366559982299805,-0.343095988035202,0.07043168693780899,0,-0.1444094032049179,-0.19509625434875488,0.9700942039489746,0,0,21.435754776000977,0,1,0.9813100695610046,-0.17337866127490997,0.08348307758569717,0,0.18464960157871246,0.9705231785774231,-0.1548829823732376,0,-0.05416928231716156,0.167402982711792,0.984399139881134,0,0,34.91385269165039,0,1,0.7754978537559509,-0.5987291932106018,0.2003168910741806,0,0.5650011897087097,0.7997288107872009,0.2029951512813568,0,-0.2817390263080597,-0.04424310848116875,0.9584710001945496,0,4.671835899353027,3.4724159240722656,0.000003999999989900971,1,0.9170200824737549,0.3718588352203369,-0.1442040354013443,0,-0.34980082511901855,0.9235540628433228,0.1571199893951416,0,0.19160699844360352,-0.09364001452922821,0.9769949913024902,0,0.4199410080909729,4.637803077697754,0,1,0.9592479467391968,-0.28210321068763733,0.016170000657439232,0,0.28255119919776917,0.9582109451293945,-0.044678982347249985,0,-0.0028899949975311756,0.0474269799888134,0.9988710284233093,0,1.337298035621643,6.01535701751709,0,1,0.9217219948768616,-0.16166315972805023,0.35255393385887146,0,0.23886321485042572,0.952759861946106,-0.18759919703006744,0,-0.3055708408355713,0.25712624192237854,0.916795015335083,0,0,8.569920539855957,0.09981100261211395,1,0.9983710050582886,-0.055680979043245316,-0.01245799195021391,0,0.056848976761102676,0.9520660638809204,0.3005618751049042,0,-0.00487499451264739,-0.30078089237213135,0.9536810517311096,0,-0.0016870000399649143,8.041950225830078,0,1,0.9985780119895935,-0.05189394950866699,-0.012244978919625282,0,0.05267594754695892,0.9245791435241699,0.3773317039012909,0,-0.008259985595941544,-0.3774397075176239,0.9259971380233765,0,-0.031332001090049744,5.6025471687316895,0,1,-0.8346330523490906,-0.38502004742622375,0.39388686418533325,0,0.5370259284973145,-0.7277810573577881,0.42654094099998474,0,0.12243692576885223,0.5675328969955444,0.8141961097717285,0,17.911487579345703,-4.424811840057373,-0.35127899050712585,1,0.9414780735969543,-0.33440494537353516,0.042334891855716705,0,0.24182191491127014,0.5825871825218201,-0.7759609222412109,0,0.23482097685337067,0.740787923336029,0.6293591260910034,0,0,28.662208557128906,0,1,0.9398289918899536,-0.17033205926418304,-0.2961559593677521,0,0.3413670063018799,0.5031390190124512,0.793927013874054,0,0.013776944950222969,-0.8472539782524109,0.5310099720954895,0,0,26.506521224975586,0,1,0.8838509917259216,0.024577999487519264,-0.4671210050582886,0,0.34587401151657104,0.6379820108413696,0.6880049705505371,0,0.3149249851703644,-0.7696589827537537,0.5553799867630005,0,0,12.680264472961426,0,1,-0.8264719247817993,0.43344804644584656,-0.3592590093612671,0,-0.5534039735794067,-0.7426812648773193,0.3770524859428406,0,-0.10338226705789566,0.5104385614395142,0.8536772131919861,0,-17.911487579345703,-4.424811840057373,-0.029843999072909355,1,0.988569974899292,0.07661706954240799,0.1298438310623169,0,0.07309876382350922,0.5096564888954163,-0.8572667837142944,0,-0.1318569928407669,0.8569597005844116,0.4982304871082306,0,0,28.661733627319336,0,1,0.8570290207862854,0.2959710359573364,0.4217849671840668,0,-0.4894610047340393,0.21181312203407288,0.8459099531173706,0,0.16102498769760132,-0.9314159154891968,0.326396107673645,0,0,26.521141052246094,0,1,0.883417010307312,-0.020558996126055717,0.4681369960308075,0,-0.355089008808136,0.6225039958953857,0.6974239945411682,0,-0.30575498938560486,-0.7823470234870911,0.5426300168037415,0,0,12.433868408203125,0,1
K0.067,0.5411828756332397,0.04795410484075546,0.8395360708236694,0,-0.03877611085772514,0.9987339973449707,-0.03205205500125885,0,-0.8400100469589233,-0.015207070857286453,0.542357861995697,0,-1.2310181856155396,59.29986572265625,0.7410226464271545,1,0.9993360042572021,-0.0364290252327919,0.0004979306249879301,0,0.03614003211259842,0.9929440021514893,0.11294101178646088,0,-0.004607934970408678,-0.11284801363945007,0.9936019778251648,0,0,7.964667797088623,-0.6217259764671326,1,0.9970920085906982,-0.07617807388305664,-0.0020471354946494102,0,0.0757300928235054,0.9875149726867676,0.13813002407550812,0,-0.008500877767801285,-0.1378830224275589,0.9904119968414307,0,0,9.32037353515625,0,1,0.9970930218696594,-0.07616907358169556,-0.0020771354902535677,0,0.0757220908999443,0.9874609708786011,0.13851703703403473,0,-0.008499878458678722,-0.1382710337638855,0.9903579950332642,0,0,10.65185832977295,0,1,0.8917809724807739,0.06967299431562424,-0.44707101583480835,0,-0.21753881871700287,0.9324031472206116,-0.28861963748931885,0,0.3967421054840088,0.35464057326316833,0.8466561436653137,0,0,11.983349800109863,0,1,0.9076970219612122,0.014507687650620937,-0.4193750023841858,0,-0.017012715339660645,0.9998530149459839,-0.0022331252694129944,0,0.419281005859375,0.009161994792521,0.9078099727630615,0,0,10.677154541015625,1.385388970375061,1,0.15901213884353638,-0.1316157728433609,-0.9784640073776245,0,0.9486169219017029,-0.2542561888694763,0.18836307525634766,0,-0.2735721468925476,-0.9581390023231506,0.08442271500825882,0,8.159377098083496,9.977126121520996,-0.14016500115394592,1,0.9455557465553284,-0.1585746705532074,0.2842138707637787,0,0.041981156915426254,0.925402820110321,0.3766513466835022,0,-0.3227396607398987,-0.3442135155200958,0.881677508354187,0,0,16.626705169677734,0,1,0.6291847825050354,0.7746683359146118,0.06336672604084015,0,-0.7771373391151428,0.6284187436103821,0.03387416526675224,0,-0.013579760678112507,-0.07055789977312088,0.9974150061607361,0,0,21.426671981811523,0,1,0.8302848935127258,0.13130149245262146,-0.5416523218154907,0,-0.18565618991851807,0.981505811214447,-0.04666110500693321,0,0.5255081057548523,0.139303058385849,0.839306652545929,0,0,34.93510437011719,0,1,0.8823180198669434,0.4053631126880646,-0.23915788531303406,0,-0.39047500491142273,0.9141519665718079,0.10888247936964035,0,0.2627630829811096,-0.0026834611780941486,0.9648569226264954,0,-5.531126976013184,3.141443967819214,0,1,0.9895690083503723,-0.0034791112411767244,0.1440170705318451,0,-0.014750901609659195,0.9920070171356201,0.1253170222043991,0,-0.1433010846376419,-0.126133993268013,0.981607973575592,0,-1.3220219612121582,4.914062023162842,0,1,0.9932129383087158,0.11630932986736298,-0.0007418513996526599,0,-0.11623132973909378,0.9922629594802856,-0.043638911098241806,0,-0.004340148065239191,0.04342888668179512,0.9990469813346863,0,0.19079099595546722,5.793838024139404,0,1,0.9610400795936584,0.04491965472698212,-0.27273377776145935,0,-0.05239291861653328,0.9984229207038879,-0.020180080085992813,0,0.27139678597450256,0.033683016896247864,0.9618780016899109,0,0,8.865632057189941,0.0033370000310242176,1,0.9979249835014343,0.060470856726169586,0.02210792899131775,0,-0.060807861387729645,0.7723066210746765,0.6323322057723999,0,0.02116391994059086,-0.6323652267456055,0.7743815779685974,0,0.06197100132703781,8.261246681213379,0,1,0.9866480231285095,0.1510179042816162,0.0609888918697834,0,-0.15542390942573547,0.7611315250396729,0.6297003626823425,0,0.04867490753531456,-0.6307713389396667,0.7744405269622803,0,-0.18438300490379333,5.711742877960205,0,1,0.11891631036996841,0.12012976408004761,0.9856100082397461,0,-0.9748218059539795,-0.1744595468044281,0.13887830078601837,0,0.188632532954216,-0.9773089289665222,0.09635961055755615,0,-8.159377098083496,9.979677200317383,-0.17284800112247467,1,0.7791421413421631,0.31069424748420715,-0.5444328784942627,0,-0.04686763137578964,0.8949669599533081,0.4436631202697754,0,0.6250929832458496,-0.320159912109375,0.7118681073188782,0,0,16.626705169677734,0,1,-0.3345678448677063,-0.9314869046211243,-0.1428178995847702,0,0.938493013381958,-0.34307900071144104,0.03909331187605858,0,-0.08541259169578552,-0.12095373868942261,0.9889768362045288,0,0,21.435754776000977,0,1,0.9860459566116333,-0.13946834206581116,0.09089792519807816,0,0.1446654051542282,0.9880428314208984,-0.05331600829958916,0,-0.08237572014331818,0.0657220110297203,0.9944318532943726,0,0,34.91385269165039,0,1,0.7618111371994019,-0.6191368103027344,0.19056110084056854,0,0.582170844078064,0.7833572030067444,0.2177828550338745,0,-0.2841149568557739,-0.05496989190578461,0.9572129845619202,0,4.671835899353027,3.4724159240722656,0.000003999999989900971,1,0.9237709641456604,0.35348618030548096,-0.14729097485542297,0,-0.3313111662864685,0.9306179285049438,0.1555110216140747,0,0.1920430064201355,-0.09485698491334915,0.9767919778823853,0,0.4199410080909729,4.637803077697754,0,1,0.9528590440750122,-0.3029868006706238,0.01609800010919571,0,0.3034047782421112,0.9519080519676208,-0.042633019387722015,0,-0.00240700482390821,0.045508019626140594,0.9989609718322754,0,1.337298035621643,6.01535701751709,0,1,0.9212729930877686,-0.17806683480739594,0.3457590639591217,0,0.25989478826522827,0.9432530999183655,-0.2067108005285263,0,-0.2893291413784027,0.28029775619506836,0.915270984172821,0,0,8.569920539855957,0.09981100261211395,1,0.9985039830207825,-0.05343502387404442,-0.01161400880664587,0,0.05451202392578125,0.9559499621391296,0.2884241044521332,0,-0.004309005569666624,-0.288626104593277,0.9574319124221802,0,-0.0016870000399649143,8.041950225830078,0,1,0.9988570213317871,-0.046730052679777145,-0.0100600216537714,0,0.04730305075645447,0.9360208511352539,0.3487502932548523,0,-0.006881013512611389,-0.3488273024559021,0.9371618628501892,0,-0.031332001090049744,5.6025471687316895,0,1,-0.8384769558906555,-0.3909999430179596,0.37957313656806946,0,0.5326460599899292,-0.735150933265686,0.4193340539932251,0,0.11508407443761826,0.5537801384925842,0.8246708512306213,0,17.911487579345703,-4.424811840057373,-0.35127899050712585,1,0.9444640278816223,-0.3270890712738037,0.03164510801434517,0,0.23268109560012817,0.5976328253746033,-0.7672640681266785,0,0.2320520281791687,0.7320160865783691,0.640549898147583,0,0,28.662208557128906,0,1,0.9394599795341492,-0.17584894597530365,-0.2940960228443146,0,0.34255799651145935,0.5028030276298523,0.7936260104179382,0,0.00831405445933342,-0.8463249802589417,0.5326020121574402,0,0,26.506521224975586,0,1,0.8838520050048828,0.024577999487519264,-0.4671210050582886,0,0.34587401151657104,0.6379820108413696,0.6880049705505371,0,0.3149249851703644,-0.7696589827537537,0.5553799867630005,0,0,12.680264472961426,0,1,-0.8231790661811829,0.4406989514827728,-0.35799598693847656,0,-0.5525969862937927,-0.7666897773742676,0.32683950662612915,0,-0.13043373823165894,0.46687445044517517,0.8746518492698669,0,-17.911487579345703,-4.424811840057373,-0.029843999072909355,1,0.9899590015411377,0.08344393223524094,0.11410115659236908,0,0.04901723936200142,0.5544565916061401,-0.8307682275772095,0,-0.1325870007276535,0.8280193209648132,0.5447984933853149,0,0,28.661733627319336,0,1,0.8575969934463501,0.2998139560222626,0.4178990423679352,0,-0.4891450107097626,0.2243368774652481,0.8428590893745422,0,0.1589510142803192,-0.9272460341453552,0.33904287219047546,0,0,26.521141052246094,0,1,0.8834949731826782,-0.020156003534793854,0.46800699830055237,0,-0.35502299666404724,0.6229760050773621,0.6970360279083252,0,-0.30560699105262756,-0.7819809913635254,0.5432400107383728,0,0,12.433868408203125,0,1
K0.100,0.558555006980896,0.03654700145125389,0.8286619782447815,0,-0.026288999244570732,0.9993069767951965,-0.026352999731898308,0,-0.8290510177612305,-0.007065000478178263,0.559128999710083,0,-1.7695120573043823,60.00270080566406,1.2431089878082275,1,0.9994360208511353,-0.03342200070619583,0.00332399969920516,0,0.032861001789569855,0.9934989809989929,0.10899899899959564,0,-0.006945999804884195,-0.10882800072431564,0.9940360188484192,0,0,7.964667797088623,-0.6217259764671326,1,0.9976599812507629,-0.06828399747610092,0.0033539996948093176,0,0.06726600229740143,0.9891819953918457,0.13036000728607178,0,-0.012218999676406384,-0.129830002784729,0.9914609789848328,0,0,9.32037353515625,0,1,0.9976609945297241,-0.06827700138092041,0.003325999714434147,0,0.06725700199604034,0.9891319870948792,0.13074800372123718,0,-0.012217000126838684,-0.1302189975976944,0.9914100170135498,0,0,10.65185832977295,0,1,0.8976870179176331,0.06844600290060043,-0.4352850019931793,0,-0.21793900430202484,0.9275379776954651,-0.30360499024391174,0,0.38296300172805786,0.36740800738334656,0.8475559949874878,0,0,11.983349800109863,0,1,0.912572979927063,0.03480999916791916,-0.4074299931526184,0,-0.03520499914884567,0.9993590116500854,0.006529999431222677,0,0.40739598870277405,0.008383999578654766,0.9132130146026611,0,0,10.677154541015625,1.385388970375061,1,0.14135999977588654,-0.16725799441337585,-0.9757270216941833,0,0.9584410190582275,-0.22360000014305115,0.17718499898910522,0,-0.24780799448490143,-0.9602230191230774,0.12869900465011597,0,8.159377098083496,9.977126121520996,-0.14016500115394592,1,0.9613680243492126,-0.21650299429893494,0.1699949949979782,0,0.1550309956073761,0.9361630082130432,0.31553900241851807,0,-0.22745800018310547,-0.276993989944458,0.9335610270500183,0,0,16.626705169677734,0,1,0.5148370265960693,0.8512089848518372,0.10191100090742111,0,-0.8561490178108215,0.5166329741477966,0.009957000613212585,0,-0.04417499899864197,-0.09237699955701828,0.9947440028190613,0,0,21.426671981811523,0,1,0.8467140197753906,0.1878490000963211,-0.49778300523757935,0,-0.15403099358081818,0.982079029083252,0.1086059957742691,0,0.5092629790306091,-0.015283993445336819,0.8604750037193298,0,0,34.93510437011719,0,1,0.8809660077095032,0.3930180072784424,-0.26350700855255127,0,-0.38903000950813293,0.9186019897460938,0.06946700066328049,0,0.2693600058555603,0.04131399467587471,0.9621530175209045,0,-5.531126976013184,3.141443967819214,0,1,0.9908609986305237,0.016944000497460365,0.13381800055503845,0,-0.03305700048804283,0.9923290014266968,0.11912199854850769,0,-0.13077299296855927,-0.12245699763298035,0.9838209748268127,0,-1.3220219612121582,4.914062023162842,0,1,0.9963039755821228,0.08338700234889984,-0.02061999961733818,0,-0.08446300029754639,0.9947109818458557,-0.05844299867749214,0,0.015636999160051346,0.059967998415231705,0.9980779886245728,0,0.19079099595546722,5.793838024139404,0,1,0.9524409770965576,0.09351100027561188,-0.29002198576927185,0,-0.06436499953269958,0.9920129776000977,0.10847299546003342,0,0.29784899950027466,-0.08464599400758743,0.9508529901504517,0,0,8.865632057189941,0.0033370000310242176,1,0.9966679811477661,0.07517699897289276,0.03165699914097786,0,-0.07526399940252304,0.6979119777679443,0.7122179865837097,0,0.03144900128245354,-0.7122269868850708,0.7012439966201782,0,0.06197100132703781,8.261246681213379,0,1,0.9844790101051331,0.15928100049495697,0.07368800044059753,0,-0.16495400667190552,0.6964510083198547,0.6983889937400818,0,0.05992000177502632,-0.6997039914131165,0.7119150161743164,0,-0.18438300490379333,5.711742877960205,0,1,0.07847099751234055,0.16847500205039978,0.9825779795646667,0,-0.9876120090484619,-0.1212100014090538,0.09965600073337555,0,0.1358869969844818,-0.9782249927520752,0.15687599778175354,0,-8.159377098083496,9.979677200317383,-0.17284800112247467,1,0.8729479908943176,0.2595919966697693,-0.4130060076713562,0,-0.08818600326776505,0.9166769981384277,0.3897779881954193,0,0.4797770082950592,-0.3038350045681,0.8231030106544495,0,0,16.626705169677734,0,1,-0.3385069966316223,-0.940526008605957,-0.02870100550353527,0,0.9409639835357666,-0.338331013917923,-0.010924997739493847,0,0.0005639961455017328,-0.030705003067851067,0.9995279908180237,0,0,21.435754776000977,0,1,0.9884740114212036,-0.10139500349760056,0.11242400109767914,0,0.09305000305175781,0.9926679730415344,0.07715199142694473,0,-0.11942200362682343,-0.06580199301242828,0.9906610250473022,0,0,34.91385269165039,0,1,0.7427989840507507,-0.6465629935264587,0.17379799485206604,0,0.6072369813919067,0.7599400281906128,0.23184899985790253,0,-0.2819809913635254,-0.06668099761009216,0.957099974155426,0,4.671835899353027,3.4724159240722656,0.000003999999989900971,1,0.9332180023193359,0.3256019949913025,-0.15194599330425262,0,-0.3032569885253906,0.9405519962310791,0.15295900404453278,0,0.19271700084209442,-0.09666600078344345,0.976481020450592,0,0.4199410080909729,4.637803077697754,0,1,0.9423850178718567,-0.3341499865055084,0.015923000872135162,0,0.3345249891281128,0.941556990146637,-0.039549000561237335,0,-0.0017770000267773867,0.04259699955582619,0.9990910291671753,0,1.337298035621643,6.01535701751709,0,1,0.9210929870605469,-0.19849500060081482,0.3349440097808838,0,0.2879210114479065,0.926364004611969,-0.24279899895191193,0,-0.2620849907398224,0.3200779855251312,0.9104179739952087,0,0,8.569920539855957,0.09981100261211395,1,0.9987589716911316,-0.04882499948143959,-0.009864999912679195,0,0.049699001014232635,0.9634720087051392,0.263155996799469,0,-0.003344000084325671,-0.2633199989795685,0.9647030234336853,0,-0.0016870000399649143,8.041950225830078,0,1,0.9992730021476746,-0.0375090017914772,-0.006767000071704388,0,0.0378200002014637,0.9537559747695923,0.2981930077075958,0,-0.004730999935418367,-0.2982330024242401,0.9544820189476013,0,-0.031332001090049744,5.6025471687316895,0,1,-0.8404499888420105,-0.39774399995803833,0.368027001619339,0,0.5296549797058105,-0.7464590072631836,0.40282100439071655,0,0.11449799686670303,0.5334780216217041,0.8380280137062073,0,17.911487579345703,-4.424811840057373,-0.35127899050712585,1,0.943930983543396,-0.32983601093292236,0.014237000606954098,0,0.22929100692272186,0.6239420175552368,-0.7470759749412537,0,0.23752999305725098,0.7084519863128662,0.6645860075950623,0,0,28.662208557128906,0,1,0.9406629800796509,-0.1773429960012436,-0.2893129885196686,0,0.3392469882965088,0.5116180181503296,0.7894039750099182,0,0.008022000081837177,-0.8407120108604431,0.5414230227470398,0,0,26.506521224975586,0,1,0.8838689923286438,0.024491000920534134,-0.46709299087524414,0,0.34585899114608765,0.6380850076675415,0.6879159808158875,0,0.3148930072784424,-0.7695760130882263,0.5555130243301392,0,0,12.680264472961426,0,1,-0.8304920196533203,0.44349798560142517,-0.3370339870452881,0,-0.5350800156593323,-0.8033469915390015,0.2613860070705414,0,-0.15483100712299347,0.3974199891090393,0.90447998046875,0,-17.911487579345703,-4.424811840057373,-0.029843999072909355,1,0.9942049980163574,0.058942001312971115,0.08990199863910675,0,0.034703999757766724,0.6155440211296082,-0.7873380184173584,0,-0.10174600034952164,0.7858949899673462,0.6099309921264648,0,0,28.661733627319336,0,1,0.8517760038375854,0.3189629912376404,0.4156210124492645,0,-0.49548399448394775,0.23269200325012207,0.836870014667511,0,0.17021900415420532,-0.918757975101471,0.35624200105667114,0,0,26.521141052246094,0,1,0.8831790089607239,-0.02083900012075901,0.4685730040073395,0,-0.3549889922142029,0.6232479810714722,0.6968110203742981,0,-0.3065580129623413,-0.7817469835281372,0.543042004108429,0,0,12.433868408203125,0,1
