3.167,30,95,41
B0,mixamorig_Hips,-1,0.6765170693397522,0.06529588997364044,0.7335165739059448,0,-0.06345144659280777,0.9975188374519348,-0.030294395983219147,0,-0.7336738109588623,-0.02604961208999157,0.6789827942848206,0,-3.4187347888946533,55.37351608276367,3.3362414836883545,1
B1,mixamorig_Spine,0,0.9997527003288269,0.013217754662036896,0.017664361745119095,0,-0.015160459093749523,0.9932796955108643,0.11472327262163162,0,-0.016028419137001038,-0.11496713012456894,0.993238091468811,0,0,7.964667797088623,-0.6217259764671326,1
B2,mixamorig_Spine1,1,0.9973927140235901,-0.05248536914587021,-0.049503207206726074,0,0.05838606134057045,0.9902499318122864,0.12647448480129242,0,0.04238315299153328,-0.1290360987186432,0.9907328486442566,0,0,9.32037353515625,0,1
B3,mixamorig_Spine2,2,0.9977816343307495,-0.031068893149495125,-0.058852311223745346,0,0.02703552506864071,0.9973099231719971,-0.06811612844467163,0,0.060811277478933334,0.0663728341460228,0.9959389567375183,0,0,10.65185832977295,0,1
B4,mixamorig_Neck,3,0.9728226661682129,0.08429615944623947,-0.21564985811710358,0,-0.03552757576107979,0.9746868014335632,0.2207176685333252,0,0.2288014143705368,-0.20705540478229523,0.9511951208114624,0,0,11.983349800109863,9.999999974752427e-7,1
B5,mixamorig_Head,4,0.9340082406997681,-0.19877441227436066,-0.29681089520454407,0,0.11333439499139786,0.9528273344039917,-0.281514972448349,0,0.3387821912765503,0.22930730879306793,0.9124775528907776,0,0,10.677154541015625,1.385388970375061,1
B6,mixamorig_HeadTop_End,5,1,0,0,0,0,1,0,0,0,0,1,0,0,72.67863464355469,9.430248260498047,1
B7,mixamorig_LeftShoulder,3,0.007214195095002651,-0.005686292890459299,-0.9999191164970398,0,0.9572784304618835,-0.28890547156333923,0.008551521226763725,0,-0.2889406085014343,-0.9573391079902649,0.0033714105375111103,0,8.159377098083496,9.977126121520996,-0.14016500115394592,1
B8,mixamorig_LeftArm,7,0.9812014698982239,-0.11857912689447403,0.15223141014575958,0,0.0008864583214744925,0.7916709184646606,0.6109384894371033,0,-0.19296686351299286,-0.5993202924728394,0.776901364326477,0,0,16.626705169677734,0,1
B9,mixamorig_LeftForeArm,8,0.7997758984565735,0.5952737331390381,-0.0759461522102356,0,-0.5796372294425964,0.7990467548370361,0.15977413952350616,0,0.15580029785633087,-0.08376768976449966,0.9841005206108093,0,0,21.426671981811523,0,1
B10,mixamorig_LeftHand,9,0.9415388703346252,-0.22954393923282623,-0.24650061130523682,0,0.18792898952960968,0.9653162956237793,-0.18109279870986938,0,0.2795415222644806,0.1241842582821846,0.9520677924156189,0,0,34.93510437011719,0,1
B11,mixamorig_LeftHandThumb1,10,0.7426814436912537,0.4150291085243225,-0.52552330493927,0,-0.34645959734916687,0.909727156162262,0.22882747650146484,0,0.5730531215667725,0.012126036919653416,0.819428563117981,0,-5.531126976013184,3.141443967819214,0,1
B12,mixamorig_LeftHandThumb2,11,0.963104248046875,0.1740291863679886,0.20528960227966309,0,-0.20460712909698486,0.9690026044845581,0.1384517252445221,0,-0.1748320609331131,-0.17534705996513367,0.9688582420349121,0,-1.3220219612121582,4.914062023162842,0,1
B13,mixamorig_LeftHandThumb3,12,0.997215986251831,0.04848900064826012,0.05664600059390068,0,-0.052702583372592926,0.9957579970359802,0.07542700320482254,0,-0.052747998386621475,-0.07820258289575577,0.995540976524353,0,0.19079099595546722,5.793838024139404,0,1
B14,mixamorig_LeftHandThumb4,13,1,0,0,0,0,1,0,0,0,0,1,0,1.1312299966812134,4.6004509925842285,0,1
B15,mixamorig_LeftHandIndex1,10,0.9924224019050598,0.12255746126174927,0.008755980059504509,0,-0.12283551692962646,0.9879829287528992,0.09367477893829346,0,0.0028343540616333485,-0.09403994679450989,0.9955518245697021,0,0,8.865632057189941,0.0033370000310242176,1
B16,mixamorig_LeftHandIndex2,15,0.9998408555984497,-0.0178210586309433,-0.0010809815721586347,0,0.017833568155765533,0.9939131736755371,0.10869177430868149,0,-0.0008617457933723927,-0.10869418829679489,0.9940733313560486,0,0.06197100132703781,8.261246681213379,0,1
B17,mixamorig_LeftHandIndex3,16,0.9957334995269775,0.0921490341424942,0.004847255069762468,0,-0.09209361672401428,0.9890902042388916,0.11497772485017776,0,0.0058004180900752544,-0.11493372917175293,0.9933557510375977,0,-0.18438300490379333,5.711742877960205,0,1
B18,mixamorig_LeftHandIndex4,17,1,0,0,0,0,1,0,0,0,0,1,0,0.12241200357675552,3.468430995941162,0,1
B19,mixamorig_RightShoulder,3,0.21105864644050598,0.020416054874658585,0.9772289395332336,0,-0.9095742702484131,-0.3619137406349182,0.2040068656206131,0,0.357866495847702,-0.9319757223129272,-0.05779070779681206,0,-8.159377098083496,9.979677200317383,-0.17284800112247467,1
B20,mixamorig_RightArm,19,0.8978020548820496,0.43760916590690613,0.049266040325164795,0,-0.3866628408432007,0.7298939824104309,0.5636340975761414,0,0.2106802612543106,-0.5251017212867737,0.8245059251785278,0,0,16.626705169677734,0,1
B21,mixamorig_RightForeArm,20,0.49857157468795776,-0.8591964840888977,-0.11241461336612701,0,0.8659719824790955,0.48942121863365173,0.10011913627386093,0,-0.030918657779693604,-0.14722467958927155,0.9885962009429932,0,0,21.435754776000977,0,1
B22,mixamorig_RightHand,21,0.8535333275794983,-0.5122895836830139,0.09424430131912231,0,0.5092545747756958,0.8587431311607361,0.05564100295305252,0,-0.10943660885095596,0.0005762450746260583,0.9939702153205872,0,0,34.91385269165039,0,1
B23,mixamorig_RightHandThumb1,22,0.14763657748699188,-0.5781959891319275,0.8024290204048157,0,0.4736559987068176,0.7535650134086609,0.45583999156951904,0,-0.868247389793396,0.31277701258659363,0.38511958718299866,0,4.671835899353027,3.4724159240722656,0.000003999999989900971,1
B24,mixamorig_RightHandThumb2,23,0.9378164410591125,0.2978055775165558,-0.1783600002527237,0,-0.263604998588562,0.9452739953994751,0.19227558374404907,0,0.22585900127887726,-0.13330258429050446,0.9649959802627563,0,0.4199410080909729,4.637803077697754,0,1
B25,mixamorig_RightHandThumb3,24,0.9990900158882141,0.004000999964773655,-0.042468998581171036,0,0.008830999955534935,0.9546210169792175,0.29769301414489746,0,0.04173300042748451,-0.29779699444770813,0.9537169933319092,0,1.337298035621643,6.01535701751709,0,1
B26,mixamorig_RightHandThumb4,25,1,0,0,0,0,1,0,0,0,0,1,0,-1.7572389841079712,5.047922134399414,0,1
B27,mixamorig_RightHandIndex1,22,0.9663439989089966,-0.23966899514198303,0.09348099678754807,0,0.1367110013961792,0.7862529754638672,0.6025909781455994,0,-0.21792200207710266,-0.5695300102233887,0.7925559878349304,0,0,8.569920539855957,0.09981100261211395,1
B28,mixamorig_RightHandIndex2,27,0.9662690162658691,-0.2373374104499817,-0.09997899830341339,0,0.18265900015830994,0.3579080104827881,0.9157170057296753,0,-0.18155041337013245,-0.9030910134315491,0.3891870081424713,0,-0.0016870000399649143,8.041950225830078,0,1
B29,mixamorig_RightHandIndex3,28,0.9758830070495605,-0.2037355899810791,-0.07839000225067139,0,0.1674855798482895,0.46848100423812866,0.8674529790878296,0,-0.14000658690929413,-0.8596614003181458,0.49130499362945557,0,-0.031332001090049744,5.6025471687316895,0,1
B30,mixamorig_RightHandIndex4,29,1,0,0,0,0,1,0,0,0,0,1,0,0.03302000090479851,3.9876890182495117,0,1
B31,mixamorig_LeftUpLeg,0,-0.5522809624671936,-0.1819305121898651,0.813559353351593,0,0.7130374908447266,-0.608677864074707,0.3479132056236267,0,0.4319109618663788,0.772247850894928,0.46587714552879333,0,17.911487579345703,-4.424811840057373,-0.35127899050712585,1
B32,mixamorig_LeftLeg,31,0.8928198218345642,-0.3633652329444885,-0.26614266633987427,0,0.002967021893709898,0.5956111550331116,-0.8032628297805786,0,0.45039650797843933,0.7163793444633484,0.5328506827354431,0,0,28.662208557128906,0,1
B33,mixamorig_LeftFoot,32,0.9291492700576782,-0.2688119113445282,-0.25378862023353577,0,0.36863774061203003,0.6220180988311768,0.6907863616943359,0,-0.027827581390738487,-0.7354100942611694,0.6770495772361755,0,0,26.506521224975586,0,1
B34,mixamorig_LeftToeBase,33,0.8298298716545105,-0.0432388074696064,-0.5563378930091858,0,0.4624761939048767,0.6111735105514526,0.6423236131668091,0,0.3122459650039673,-0.7903121113777161,0.5271668434143066,0,0,12.680264472961426,0,1
B35,mixamorig_LeftToe_End,34,1,0,0,0,0,1,0,0,0,0,1,0,0,5.151862144470215,0,1
B36,mixamorig_RightUpLeg,0,-0.7972798347473145,0.5694068074226379,-0.2002796083688736,0,-0.6011381149291992,-0.7787191867828369,0.1788451075553894,0,-0.05412428081035614,0.2629845142364502,0.96314936876297,0,-17.911487579345703,-4.424811840057373,-0.029843999072909355,1
B37,mixamorig_RightLeg,36,0.9907351136207581,0.05636877566576004,0.12346193939447403,0,0.07281547784805298,0.5473088026046753,-0.8336270451545715,0,-0.11456580460071564,0.8348925113677979,0.5381341576576233,0,0,28.661733627319336,0,1
B38,mixamorig_RightFoot,37,0.8202731609344482,0.3524167537689209,0.4504920542240143,0,-0.4638513922691345,-0.050959404557943344,0.8844396471977234,0,0.33464786410331726,-0.934444010257721,0.12166888266801834,0,0,26.521141052246094,0,1
B39,mixamorig_RightToeBase,38,0.8757463693618774,0.08057104796171188,0.47600027918815613,0,-0.41927623748779297,0.615706205368042,0.6671675443649292,0,-0.23932208120822906,-0.783845067024231,0.5729841589927673,0,0,12.433868408203125,0,1
B40,mixamorig_RightToe_End,39,1,0,0,0,0,1,0,0,0,0,1,0,0,5.0621209144592285,0,1
@34,0,1,2,3,4,5,7,8,9,10,11,12,13,15,16,17,19,20,21,22,23,24,25,27,28,29,31,32,33,34,36,37,38,39
K0.000,0.6392319798469543,0.04165999963879585,0.7678850293159485,0,-0.12761999666690826,0.9904320240020752,0.0525050014257431,0,-0.7583510279655457,-0.13155999779701233,0.6384320259094238,0,-0.5295289754867554,54.60649871826172,0.8681830167770386,1,0.9982799887657166,-0.026403000578284264,-0.05233500152826309,0,0.03212299942970276,0.9932270050048828,0.11166299879550934,0,0.049031998962163925,-0.11315300315618515,0.9923670291900635,0,0,7.964667797088623,-0.6217259764671326,1,0.9925029873847961,-0.05571199953556061,-0.10878899693489075,0,0.0665849968791008,0.9928550124168396,0.09902399778366089,0,0.10249499976634979,-0.10552500188350677,0.9891200065612793,0,0,9.32037353515625,0,1,0.9925029873847961,-0.05566899850964546,-0.10881000012159348,0,0.044078998267650604,0.9933720231056213,-0.10616099834442139,0,0.11399900168180466,0.10056900233030319,0.9883779883384705,0,0,10.65185832977295,0,1,0.9866650104522705,0.014604000374674797,-0.162104994058609,0,0.004575999919325113,0.9930840134620667,0.1173200011253357,0,0.16269700229167938,-0.11649700254201889,0.979773998260498,0,0,11.983349800109863,0,1,0.9176610112190247,-0.08965999633073807,-0.3871169984340668,0,0.05649099871516228,0.9937530159950256,-0.09625200182199478,0,0.393328994512558,0.06645800173282623,0.9169930219650269,0,0,10.677154541015625,1.385388970375061,1,0.2650269865989685,-0.03467100113630295,-0.9636170268058777,0,0.9245039820671082,-0.2747960090637207,0.2641569972038269,0,-0.2739570140838623,-0.960877001285553,-0.04077500104904175,0,8.159377098083496,9.977126121520996,-0.14016500115394592,1,0.9830700159072876,-0.05247199907898903,0.1755550056695938,0,-0.052852001041173935,0.8361889719963074,0.5458890199661255,0,-0.17544099688529968,-0.5459259748458862,0.819258987903595,0,0,16.626705169677734,0,1,0.8342390060424805,0.4163300096988678,0.36154401302337646,0,-0.4873499870300293,0.8634380102157593,0.1302500069141388,0,-0.2579430043697357,-0.28485798835754395,0.9232119917869568,0,0,21.426671981811523,0,1,0.9629610180854797,0.02449999935925007,-0.2685239911079407,0,-0.05711499974131584,0.9918000102043152,-0.1143300011754036,0,0.2635209858417511,0.12543199956417084,0.9564639925956726,0,0,34.93510437011719,0,1,0.7426199913024902,0.4152500033378601,-0.5254359841346741,0,-0.3467249870300293,0.9096249938011169,0.22883300483226776,0,0.5729730129241943,0.01224599964916706,0.8194829821586609,0,-5.531126976013184,3.141443967819214,0,1,0.9629920125007629,0.17462700605392456,0.20531100034713745,0,-0.20511899888515472,0.9689679741859436,0.13793599605560303,0,-0.17485299706459045,-0.17494399845600128,0.9689279794692993,0,-1.3220219612121582,4.914062023162842,0,1,0.997215986251831,0.04848900064826012,0.05664600059390068,0,-0.05270199850201607,0.9957579970359802,0.07542800158262253,0,-0.05274900048971176,-0.0782030001282692,0.995540976524353,0,0.19079099595546722,5.793838024139404,0,1,0.9942049980163574,0.10722900182008743,0.007646000012755394,0,-0.10712499916553497,0.9941610097885132,-0.01297799963504076,0,-0.008991999551653862,0.012083999812602997,0.9998869895935059,0,0,8.865632057189941,0.0033370000310242176,1,0.9997169971466064,-0.023792000487446785,-0.0006639999919570982,0,0.023770000785589218,0.9966130256652832,0.07872200012207031,0,-0.0012110000243410468,-0.07871600240468979,0.9968960285186768,0,0.06197100132703781,8.261246681213379,0,1,0.9954699873924255,0.09490799903869629,0.005634999834001064,0,-0.09484100341796875,0.9871150255203247,0.12887300550937653,0,0.006668999791145325,-0.12882399559020996,0.9916449785232544,0,-0.18438300490379333,5.711742877960205,0,1,0.39647600054740906,0.08807999640703201,0.9138100147247314,0,-0.8833460211753845,-0.23447400331497192,0.40585899353027344,0,0.25001299381256104,-0.9681239724159241,-0.015158000402152538,0,-8.159377098083496,9.979677200317383,-0.17284800112247467,1,0.7798770070075989,0.6254569888114929,-0.024414999410510063,0,-0.4596189856529236,0.598701000213623,0.6559780240058899,0,0.424903005361557,-0.5003600120544434,0.7543849945068359,0,0,16.626705169677734,0,1,0.6747729778289795,-0.6825349926948547,-0.2807610034942627,0,0.732545018196106,0.6656780242919922,0.14230400323867798,0,0.08976799994707108,-0.30169299244880676,0.9491699934005737,0,0,21.435754776000977,0,1,0.7760469913482666,-0.5932160019874573,0.21411700546741486,0,0.5690969824790955,0.8050010204315186,0.16763600707054138,0,-0.27180901169776917,-0.00824000034481287,0.9623159766197205,0,0,34.91385269165039,0,1,0.14763599634170532,-0.5781959891319275,0.8024299740791321,0,0.4736559987068176,0.7535650134086609,0.45583999156951904,0,-0.8682469725608826,0.3127779960632324,0.3851189911365509,0,4.671835899353027,3.4724159240722656,0.000003999999989900971,1,0.9378169775009155,0.2978050112724304,-0.1783600002527237,0,-0.263604998588562,0.9452739953994751,0.1922750025987625,0,0.22585900127887726,-0.1333020031452179,0.9649959802627563,0,0.4199410080909729,4.637803077697754,0,1,0.9990900158882141,0.004000999964773655,-0.042468998581171036,0,0.008830999955534935,0.9546210169792175,0.29769301414489746,0,0.04173300042748451,-0.29779699444770813,0.953715980052948,0,1.337298035621643,6.01535701751709,0,1,0.9663429856300354,-0.23966999351978302,0.09348099678754807,0,0.1367110013961792,0.7862539887428284,0.602590024471283,0,-0.21792300045490265,-0.5695289969444275,0.7925570011138916,0,0,8.569920539855957,0.09981100261211395,1,0.9662690162658691,-0.23733699321746826,-0.09997999668121338,0,0.18265900015830994,0.3579080104827881,0.9157170057296753,0,-0.18154999613761902,-0.9030910134315491,0.3891870081424713,0,-0.0016870000399649143,8.041950225830078,0,1,0.9758830070495605,-0.20373499393463135,-0.07839000225067139,0,0.16748499870300293,0.46848100423812866,0.8674529790878296,0,-0.14000700414180756,-0.8596609830856323,0.49130499362945557,0,-0.031332001090049744,5.6025471687316895,0,1,-0.5780310034751892,-0.09674400091171265,0.810259997844696,0,0.7305070161819458,-0.5038430094718933,0.46097901463508606,0,0.3636470139026642,0.858361005783081,0.36190900206565857,0,17.911487579345703,-4.424811840057373,-0.35127899050712585,1,0.9039000272750854,-0.3527269959449768,-0.24196800589561462,0,-0.0029039999935775995,0.5606110095977783,-0.8280739784240723,0,0.42773398756980896,0.7491989731788635,0.5057119727134705,0,0,28.662208557128906,0,1,0.9401209950447083,-0.28062400221824646,-0.193449005484581,0,0.3335320055484772,0.6405259966850281,0.6917250156402588,0,-0.07020500302314758,-0.7148259878158569,0.6957690119743347,0,0,26.506521224975586,0,1,0.8298959732055664,-0.04382000118494034,-0.5561950206756592,0,0.4621640145778656,0.6124429702758789,0.641340970993042,0,0.31253400444984436,-0.7893000245094299,0.5285159945487976,0,0,12.680264472961426,0,1,-0.8183919787406921,0.5142899751663208,-0.25639599561691284,0,-0.5730180144309998,-0.6966210007667542,0.4317049980163574,0,0.043411001563072205,0.5002239942550659,0.8648070096969604,0,-17.911487579345703,-4.424811840057373,-0.029843999072909355,1,0.9866759777069092,0.10175999999046326,0.1269489973783493,0,0.06870000064373016,0.44671499729156494,-0.8920350074768066,0,-0.1474830061197281,0.8888700008392334,0.4337719976902008,0,0,28.661733627319336,0,1,0.8342400193214417,0.3469409942626953,0.42857301235198975,0,-0.46307501196861267,0.018875999376177788,0.8861179947853088,0,0.29934099316596985,-0.9376969933509827,0.17640699446201324,0,0,26.521141052246094,0,1,0.8701270222663879,0.05140399932861328,0.49013999104499817,0,-0.41906800866127014,0.6005480289459229,0.6809729933738708,0,-0.25934699177742004,-0.7979350090026855,0.544094979763031,0,0,12.433868408203125,0,1
K0.033,0.6419728994369507,0.03888200595974922,0.7657410502433777,0,-0.1249929890036583,0.9906600117683411,0.054486967623233795,0,-0.7564710378646851,-0.13069097697734833,0.6408369541168213,0,-0.19160866737365723,54.80397415161133,0.6098213791847229,1,0.998420000076294,-0.023648042231798172,-0.050968967378139496,0,0.029069041833281517,0.9936829805374146,0.1083950325846672,0,0.04808396100997925,-0.10970603674650192,0.9927999973297119,0,0,7.964667797088623,-0.6217259764671326,1,0.9920790195465088,-0.06340506672859192,-0.1084359884262085,0,0.07444106787443161,0.9921020269393921,0.1009560152888298,0,0.10117796808481216,-0.10822901129722595,0.9889640212059021,0,0,9.32037353515625,0,1,0.9921249747276306,-0.06232404708862305,-0.10864698886871338,0,0.05103505030274391,0.993291974067688,-0.10375697910785675,0,0.11438499391078949,0.09739597886800766,0.9886509776115417,0,0,10.65185832977295,0,1,0.9853259325027466,0.00848578754812479,-0.17047226428985596,0,0.01329125463962555,0.9919160008430481,0.12619701027870178,0,0.17016524076461792,-0.12661005556583405,0.977247953414917,0,0,11.983349800109863,0,1,0.9171270132064819,-0.0917230173945427,-0.3878990411758423,0,0.05741500109434128,0.9934139847755432,-0.09915503114461899,0,0.39443904161453247,0.06866702437400818,0.9163529872894287,0,0,10.677154541015625,1.385388970375061,1,0.2622767686843872,-0.035103000700473785,-0.9643540382385254,0,0.9234700202941895,-0.28086018562316895,0.26138076186180115,0,-0.2800241708755493,-0.9591069221496582,-0.041245970875024796,0,8.159377098083496,9.977126121520996,-0.14016500115394592,1,0.9783488512039185,-0.007257508579641581,0.20683635771274567,0,-0.10692857950925827,0.83794105052948,0.535182774066925,0,-0.1772010624408722,-0.5457119345664978,0.8190220594406128,0,0,16.626705169677734,0,1,0.8708983659744263,0.36105746030807495,0.33342745900154114,0,-0.41835930943489075,0.9006562829017639,0.11744794249534607,0,-0.2578986585140228,-0.24177756905555725,0.935431182384491,0,0,21.426671981811523,0,1,0.9622989892959595,0.044293031096458435,-0.26836198568344116,0,-0.07100898772478104,0.9933459758758545,-0.09067483246326447,0,0.26256000995635986,0.1063128337264061,0.9590409994125366,0,0,34.93510437011719,0,1,0.7423750162124634,0.41541799902915955,-0.5256500244140625,0,-0.3466539978981018,0.9095510244369507,0.2292330116033554,0,0.5733330249786377,0.012040993198752403,0.8192340135574341,0,-5.531126976013184,3.141443967819214,0,1,0.963765025138855,0.17081789672374725,0.20488598942756653,0,-0.20165391266345978,0.969340980052948,0.14040407538414001,0,-0.17462098598480225,-0.17663204669952393,0.9686629772186279,0,-1.3220219612121582,4.914062023162842,0,1,0.997215986251831,0.04848900064826012,0.05664600059390068,0,-0.052703000605106354,0.9957579970359802,0.07542700320482254,0,-0.052747998386621475,-0.0782030001282692,0.995540976524353,0,0.19079099595546722,5.793838024139404,0,1,0.9938840270042419,0.11015608161687851,0.007741004694253206,0,-0.11017308384180069,0.9939110279083252,0.0018584138015285134,0,-0.007488955743610859,-0.0026994121726602316,0.9999679923057556,0,0,8.865632057189941,0.0033370000310242176,1,0.9998279809951782,-0.01849285326898098,-0.0010170025052502751,0,0.018497854471206665,0.994338870048523,0.10463570803403854,0,-0.0009239849750883877,-0.10463670641183853,0.9945098757743835,0,0.06197100132703781,8.261246681213379,0,1,0.995402991771698,0.09565502405166626,0.004719974938780069,0,-0.09545901417732239,0.9869700074195862,0.12952901422977448,0,0.007732029538601637,-0.12938401103019714,0.9915639758110046,0,-0.18438300490379333,5.711742877960205,0,1,0.379726767539978,0.08538994938135147,0.9211491346359253,0,-0.8923361301422119,-0.2288389801979065,0.38906171917915344,0,0.24401697516441345,-0.9697120189666748,-0.010698973201215267,0,-8.159377098083496,9.979677200317383,-0.17284800112247467,1,0.787631094455719,0.6149108409881592,-0.03901822119951248,0,-0.44610485434532166,0.6127992272377014,0.6522788405418396,0,0.42500296235084534,-0.49634885787963867,0.7569741010665894,0,0,16.626705169677734,0,1,0.6653206944465637,-0.6856511831283569,-0.2953491806983948,0,0.7412883043289185,0.6536506414413452,0.15242323279380798,0,0.08854580670595169,-0.3203493356704712,0.9431518912315369,0,0,21.435754776000977,0,1,0.8187574744224548,-0.5294010639190674,0.22219222784042358,0,0.5116330981254578,0.8483685255050659,0.13602355122566223,0,-0.26051199436187744,0.0023102189879864454,0.9654679894447327,0,0,34.91385269165039,0,1,0.14763599634170532,-0.5781959891319275,0.8024299740791321,0,0.4736559987068176,0.7535650134086609,0.45583999156951904,0,-0.8682469725608826,0.31277701258659363,0.3851200044155121,0,4.671835899353027,3.4724159240722656,0.000003999999989900971,1,0.9378169775009155,0.2978050112724304,-0.1783590018749237,0,-0.263604998588562,0.9452739953994751,0.1922750025987625,0,0.22585900127887726,-0.13330300152301788,0.9649959802627563,0,0.4199410080909729,4.637803077697754,0,1,0.9990900158882141,0.004002000205218792,-0.042468998581171036,0,0.008830999955534935,0.9546210169792175,0.29769301414489746,0,0.04173300042748451,-0.29779699444770813,0.953715980052948,0,1.337298035621643,6.01535701751709,0,1,0.9663439989089966,-0.23966899514198303,0.09348099678754807,0,0.1367110013961792,0.7862539887428284,0.602590024471283,0,-0.21792200207710266,-0.5695289969444275,0.7925570011138916,0,0,8.569920539855957,0.09981100261211395,1,0.9662690162658691,-0.23733699321746826,-0.09997999668121338,0,0.18265900015830994,0.3579080104827881,0.9157170057296753,0,-0.18154999613761902,-0.9030910134315491,0.3891870081424713,0,-0.0016870000399649143,8.041950225830078,0,1,0.9758830070495605,-0.20373499393463135,-0.07839000225067139,0,0.16748499870300293,0.46848100423812866,0.8674529790878296,0,-0.14000600576400757,-0.8596609830856323,0.49130499362945557,0,-0.031332001090049744,5.6025471687316895,0,1,-0.580374002456665,-0.0902460366487503,0.8093339800834656,0,0.7273100018501282,-0.5044951438903809,0.46530094742774963,0,0.366313099861145,0.8586859107017517,0.3584330677986145,0,17.911487579345703,-4.424811840057373,-0.35127899050712585,1,0.9021729826927185,-0.3532809615135193,-0.24754004180431366,0,-0.0006269720033742487,0.5727661848068237,-0.8197188973426819,0,0.4313740134239197,0.7396838665008545,0.5165121555328369,0,0,28.662208557128906,0,1,0.9420599937438965,-0.27897605299949646,-0.18626688420772552,0,0.3283199667930603,0.6529950499534607,0.6824979186058044,0,-0.06876909732818604,-0.7041089534759521,0.7067540884017944,0,0,26.506521224975586,0,1,0.8298979997634888,-0.0438230000436306,-0.5561910271644592,0,0.4621649980545044,0.6124359965324402,0.6413469910621643,0,0.31252598762512207,-0.7893049716949463,0.5285130143165588,0,0,12.680264472961426,0,1,-0.8234459757804871,0.5076239109039307,-0.25348299741744995,0,-0.5658139586448669,-0.7013419270515442,0.43356016278266907,0,0.04230707511305809,0.5004371404647827,0.8647379279136658,0,-17.911487579345703,-4.424811840057373,-0.029843999072909355,1,0.9872109889984131,0.09499712288379669,0.12802711129188538,0,0.0715230405330658,0.45379701256752014,-0.88823002576828,0,-0.14247815310955048,0.8860269784927368,0.4411989748477936,0,0,28.661733627319336,0,1,0.8346570730209351,0.35269904136657715,0.423025906085968,0,-0.45927494764328003,0.02177007682621479,0.888027012348175,0,0.3039970099925995,-0.935483992099762,0.18015606701374054,0,0,26.521141052246094,0,1,0.8681910037994385,0.05340106785297394,0.49334901571273804,0,-0.4219050407409668,0.6028070449829102,0.6772149205207825,0,-0.2612299919128418,-0.7960979342460632,0.5458810329437256,0,0,12.433868408203125,0,1
K0.067,0.6329231262207031,0.03944499418139458,0.7732089161872864,0,-0.12400300800800323,0.9909729957580566,0.0509510338306427,0,-0.7642199397087097,-0.1281280368566513,0.6321010589599609,0,0.14225967228412628,55.01408386230469,0.24398763477802277,1,0.9984670281410217,-0.02796095795929432,-0.04776803404092789,0,0.03315795958042145,0.9931859970092773,0.11172197014093399,0,0.04431803897023201,-0.11313496530056,0.9925910234451294,0,0,7.964667797088623,-0.6217259764671326,1,0.9918249845504761,-0.07007793337106705,-0.10664301365613937,0,0.0810469314455986,0.9914510250091553,0.10225898772478104,0,0.09856501966714859,-0.11006598174571991,0.9890249967575073,0,0,9.32037353515625,0,1,0.9918980002403259,-0.06719894707202911,-0.10781000554561615,0,0.056234948337078094,0.993224024772644,-0.10170102119445801,0,0.11391300708055496,0.09481402486562729,0.9889559745788574,0,0,10.65185832977295,0,1,0.9801560640335083,-0.012765788473188877,-0.19781672954559326,0,0.038677748292684555,0.9910600185394287,0.12768898904323578,0,0.19441775977611542,-0.1328069418668747,0.9718870520591736,0,0,11.983349800109863,0,1,0.9153850078582764,-0.09297098219394684,-0.3916959762573242,0,0.05724800005555153,0.9931420087814331,-0.10193797200918198,0,0.39848795533180237,0.07088898122310638,0.9144300222396851,0,0,10.677154541015625,1.385388970375061,1,0.23718924820423126,-0.03517699986696243,-0.9708259701728821,0,0.9245610237121582,-0.29859381914138794,0.2367052435874939,0,-0.2982098162174225,-0.9537320733070374,-0.038300029933452606,0,8.159377098083496,9.977126121520996,-0.14016500115394592,1,0.9692171216011047,0.04184451326727867,0.24262763559818268,0,-0.16475342214107513,0.8425329327583313,0.5128302574157715,0,-0.18296194076538086,-0.5370180606842041,0.8234909176826477,0,0,16.626705169677734,0,1,0.9095446467399597,0.30729255080223083,0.2798195481300354,0,-0.34862568974494934,0.930644690990448,0.11118105798959732,0,-0.22624731063842773,-0.1986764371395111,0.953592836856842,0,0,21.426671981811523,0,1,0.9621840119361877,0.04719797149300575,-0.26827898621559143,0,-0.0694660171866417,0.9948269724845886,-0.07412116229534149,0,0.26339301466941833,0.08995416760444641,0.9604849815368652,0,0,34.93510437011719,0,1,0.7417290210723877,0.41580501198768616,-0.5262550115585327,0,-0.34635499119758606,0.9093819856643677,0.230351984500885,0,0.574347972869873,0.011412006802856922,0.8185309767723083,0,-5.531126976013184,3.141443967819214,0,1,0.9658570289611816,0.16035109758377075,0.20348802208900452,0,-0.192095085978508,0.9702749848365784,0.14719592034816742,0,-0.17383600771427155,-0.18125896155834198,0.9679489731788635,0,-1.3220219612121582,4.914062023162842,0,1,0.997215986251831,0.04848900064826012,0.05664600059390068,0,-0.05270199850201607,0.9957579970359802,0.07542700320482254,0,-0.05274900048971176,-0.0782030001282692,0.995540976524353,0,0.19079099595546722,5.793838024139404,0,1,0.9929779767990112,0.11801192909479141,0.00821999553591013,0,-0.11825791746377945,0.9920420050621033,0.04321359097957611,0,-0.0030550439842045307,-0.0438825897872448,0.9990320205688477,0,0,8.865632057189941,0.0033370000310242176,1,0.9999920129776001,-0.003863145597279072,-0.001274997484870255,0,0.004027144052088261,0.9844511151313782,0.17561230063438416,0,0.0005769851268269122,-0.17561529576778412,0.9844591021537781,0,0.06197100132703781,8.261246681213379,0,1,0.9952120184898376,0.09771497547626495,0.0022020249161869287,0,-0.09715698659420013,0.9865679740905762,0.13131698966026306,0,0.01065997127443552,-0.1309019923210144,0.9913380146026611,0,-0.18438300490379333,5.711742877960205,0,1,0.35452523827552795,0.08009805530309677,0.9316098690032959,0,-0.90361088514328,-0.22682301700115204,0.363372266292572,0,0.2404160350561142,-0.9706370234489441,-0.008037026040256023,0,-8.159377098083496,9.979677200317383,-0.17284800112247467,1,0.7983219027519226,0.5991491675376892,-0.06084978207945824,0,-0.4309191405773163,0.6388897895812988,0.6372821927070618,0,0.4207030236721039,-0.48253515362739563,0.7682238817214966,0,0,16.626705169677734,0,1,0.6364473104476929,-0.7046048045158386,-0.313793808221817,0,0.7682437896728516,0.6153793334960938,0.17638176679611206,0,0.0688231959939003,-0.3533276617527008,0.9329641461372375,0,0,21.435754776000977,0,1,0.8676385283470154,-0.4330139458179474,0.24434177577495575,0,0.4239278733730316,0.9010624885559082,0.09149844199419022,0,-0.259786993265152,0.024195782840251923,0.9653630256652832,0,0,34.91385269165039,0,1,0.14763599634170532,-0.5781959891319275,0.8024290204048157,0,0.4736559987068176,0.7535650134086609,0.45583999156951904,0,-0.8682469725608826,0.31277701258659363,0.3851200044155121,0,4.671835899353027,3.4724159240722656,0.000003999999989900971,1,0.9378169775009155,0.2978050112724304,-0.1783600002527237,0,-0.263604998588562,0.9452739953994751,0.1922750025987625,0,0.22585900127887726,-0.1333020031452179,0.9649959802627563,0,0.4199410080909729,4.637803077697754,0,1,0.9990900158882141,0.004000999964773655,-0.042468998581171036,0,0.008830999955534935,0.9546210169792175,0.29769301414489746,0,0.04173300042748451,-0.29779699444770813,0.9537169933319092,0,1.337298035621643,6.01535701751709,0,1,0.9663439989089966,-0.23966899514198303,0.09348099678754807,0,0.1367110013961792,0.7862529754638672,0.6025909781455994,0,-0.21792200207710266,-0.5695300102233887,0.7925559878349304,0,0,8.569920539855957,0.09981100261211395,1,0.9662690162658691,-0.23733699321746826,-0.09997899830341339,0,0.18265900015830994,0.3579080104827881,0.9157170057296753,0,-0.18154999613761902,-0.9030910134315491,0.3891879916191101,0,-0.0016870000399649143,8.041950225830078,0,1,0.9758830070495605,-0.20373399555683136,-0.07839000225067139,0,0.16748499870300293,0.46848100423812866,0.8674529790878296,0,-0.14000600576400757,-0.8596609830856323,0.49130499362945557,0,-0.031332001090049744,5.6025471687316895,0,1,-0.5784090161323547,-0.09366096556186676,0.8103520274162292,0,0.7248889803886414,-0.5146248936653137,0.45792704820632935,0,0.37413692474365234,0.8522850871086121,0.3655579388141632,0,17.911487579345703,-4.424811840057373,-0.35127899050712585,1,0.9021689891815186,-0.3497530221939087,-0.25251492857933044,0,0.0021689722780138254,0.5890318155288696,-0.8081061244010925,0,0.43137699365615845,0.7285011410713196,0.5321648120880127,0,0,28.662208557128906,0,1,0.9425740242004395,-0.28488293290138245,-0.17434512078762054,0,0.3247370421886444,0.65960294008255,0.6778420805931091,0,-0.07810790836811066,-0.6955320835113525,0.7142369151115417,0,0,26.506521224975586,0,1,0.8298959732055664,-0.04382000118494034,-0.5561950206756592,0,0.4621630012989044,0.6124439835548401,0.6413400173187256,0,0.31253498792648315,-0.7892990112304688,0.5285159945487976,0,0,12.680264472961426,0,1,-0.8256030082702637,0.5034030675888062,-0.2548849880695343,0,-0.5620670318603516,-0.694006085395813,0.4499288499355316,0,0.04960392788052559,0.5147249102592468,0.8559190630912781,0,-17.911487579345703,-4.424811840057373,-0.029843999072909355,1,0.9846510291099548,0.10686088353395462,0.1379958987236023,0,0.07527196407318115,0.4533419907093048,-0.8881530165672302,0,-0.15746785700321198,0.8849080204963684,0.43834003806114197,0,0,28.661733627319336,0,1,0.8378589153289795,0.35444796085357666,0.4151620864868164,0,-0.4537540674209595,0.029401924461126328,0.890641987323761,0,0.30347999930381775,-0.9346129894256592,0.1854669451713562,0,0,26.521141052246094,0,1,0.8666200041770935,0.06013893336057663,0.4953319728374481,0,-0.42491596937179565,0.6093419194221497,0.6694400310516357,0,-0.26156699657440186,-0.7906240820884705,0.5536209344863892,0,0,12.433868408203125,0,1
K0.100,0.5872750282287598,0.03673899918794632,0.8085529804229736,0,-0.12617799639701843,0.9909110069274902,0.04662200063467026,0,-0.7994920015335083,-0.12940099835395813,0.5865730047225952,0,0.4142099916934967,55.252197265625,-0.22858498990535736,1,0.9986739754676819,-0.028401000425219536,-0.042931001633405685,0,0.03305999934673309,0.9931550025939941,0.11202900111675262,0,0.039455998688936234,-0.11330000311136246,0.9927769899368286,0,0,7.964667797088623,-0.6217259764671326,1,0.9915720224380493,-0.07859600335359573,-0.10299699753522873,0,0.08955699950456619,0.9902700185775757,0.10651499778032303,0,0.09362299740314484,-0.11484099924564362,0.9889619946479797,0,0,9.32037353515625,0,1,0.9916980266571045,-0.07300300151109695,-0.10585600137710571,0,0.06286100298166275,0.9933779835700989,-0.09617400169372559,0,0.11217600107192993,0.08872199803590775,0.9897199869155884,0,0,10.65185832977295,0,1,0.9688349962234497,-0.04233499988913536,-0.24406300485134125,0,0.07455100119113922,0.9894390106201172,0.12431100010871887,0,0.2362229973077774,-0.13863199949264526,0.9617589712142944,0,0,11.983349800109863,0,1,0.9083030223846436,-0.10937300324440002,-0.40376201272010803,0,0.06597600132226944,0.9905890226364136,-0.11991500109434128,0,0.4130780100822449,0.08228100091218948,0.9069709777832031,0,0,10.677154541015625,1.385388970375061,1,0.20757199823856354,-0.034129999577999115,-0.9776239991188049,0,0.9244470000267029,-0.31994199752807617,0.2074510008096695,0,-0.3198629915714264,-0.9468219876289368,-0.034860000014305115,0,8.159377098083496,9.977126121520996,-0.14016500115394592,1,0.9662780165672302,0.042024001479148865,0.25404900312423706,0,-0.1671990007162094,0.8527190089225769,0.4948889911174774,0,-0.19583499431610107,-0.5206769704818726,0.8309900164604187,0,0,16.626705169677734,0,1,0.9281179904937744,0.29762300848960876,0.22364799678325653,0,-0.32797500491142273,0.9379130005836487,0.1129240021109581,0,-0.1761540025472641,-0.1781580001115799,0.9681059718132019,0,0,21.426671981811523,0,1,0.9632470011711121,0.02067600190639496,-0.2678210139274597,0,-0.040004000067710876,0.996957004070282,-0.0669109970331192,0,0.2656230032444,0.0751660019159317,0.9611420035362244,0,0,34.93510437011719,0,1,0.7407580018043518,0.41638898849487305,-0.5271610021591187,0,-0.34590399265289307,0.9091269969940186,0.23203299939632416,0,0.575872004032135,0.010467000305652618,0.8174729943275452,0,-5.531126976013184,3.141443967819214,0,1,0.9688209891319275,0.1445309966802597,0.20123599469661713,0,-0.1775819957256317,0.9714660048484802,0.1572210043668747,0,-0.17277100682258606,-0.18805499374866486,0.9668430089950562,0,-1.3220219612121582,4.914062023162842,0,1,0.997215986251831,0.04848900064826012,0.05664600059390068,0,-0.052703000605106354,0.9957579970359802,0.07542800158262253,0,-0.052747998386621475,-0.0782030001282692,0.995540976524353,0,0.19079099595546722,5.793838024139404,0,1,0.9914810061454773,0.12989799678325653,0.009596999734640121,0,-0.1301800012588501,0.9857950210571289,0.1061210036277771,0,0.004323999397456646,-0.10646600276231766,0.9943069815635681,0,0,8.865632057189941,0.0033370000310242176,1,0.9998350143432617,0.01815199851989746,0.00030899993726052344,0,-0.017509998753666878,0.9596940279006958,0.28050100803375244,0,0.004796000197529793,-0.28046101331710815,0.959854006767273,0,0.06197100132703781,8.261246681213379,0,1,0.9949039816856384,0.10081800073385239,-0.0015709998551756144,0,-0.09969999641180038,0.9859570264816284,0.1339700073003769,0,0.015056000091135502,-0.1331299990415573,0.9909840226173401,0,-0.18438300490379333,5.711742877960205,0,1,0.33862900733947754,0.07396899908781052,0.9380080103874207,0,-0.9090420007705688,-0.23157499730587006,0.34643399715423584,0,0.24284499883651733,-0.9700009822845459,-0.011176999658346176,0,-8.159377098083496,9.979677200317383,-0.17284800112247467,1,0.8154770135879517,0.569582998752594,-0.10282299667596817,0,-0.40072101354599,0.6837959885597229,0.6097909808158875,0,0.4176369905471802,-0.4560669958591461,0.785863995552063,0,0,16.626705169677734,0,1,0.5875430107116699,-0.739359974861145,-0.3288460075855255,0,0.808709979057312,0.5505480170249939,0.2070859968662262,0,0.02793400175869465,-0.3876129984855652,0.9213989973068237,0,0,21.435754776000977,0,1,0.9136019945144653,-0.30006998777389526,0.27438798546791077,0,0.301162987947464,0.952767014503479,0.03919200226664543,0,-0.2731890082359314,0.04682999849319458,0.9608200192451477,0,0,34.91385269165039,0,1,0.14763599634170532,-0.5781959891319275,0.8024299740791321,0,0.4736559987068176,0.7535650134086609,0.45583999156951904,0,-0.8682479858398438,0.31277701258659363,0.3851189911365509,0,4.671835899353027,3.4724159240722656,0.000003999999989900971,1,0.9378169775009155,0.2978050112724304,-0.1783600002527237,0,-0.263604998588562,0.9452739953994751,0.1922750025987625,0,0.22585900127887726,-0.1333020031452179,0.9649959802627563,0,0.4199410080909729,4.637803077697754,0,1,0.9990900158882141,0.004000999964773655,-0.042468998581171036,0,0.008830999955534935,0.9546210169792175,0.29769301414489746,0,0.04173300042748451,-0.29779699444770813,0.9537169933319092,0,1.337298035621643,6.01535701751709,0,1,0.9663439989089966,-0.23966899514198303,0.09348099678754807,0,0.1367110013961792,0.7862529754638672,0.6025909781455994,0,-0.21792200207710266,-0.5695300102233887,0.7925559878349304,0,0,8.569920539855957,0.09981100261211395,1,0.9662690162658691,-0.23733699321746826,-0.09997899830341339,0,0.18265900015830994,0.3579080104827881,0.9157170057296753,0,-0.18154999613761902,-0.9030910134315491,0.3891879916191101,0,-0.0016870000399649143,8.041950225830078,0,1,0.9758830070495605,-0.20373499393463135,-0.07839000225067139,0,0.16748499870300293,0.46848100423812866,0.8674529790878296,0,-0.14000600576400757,-0.8596609830856323,0.49130499362945557,0,-0.031332001090049744,5.6025471687316895,0,1,-0.5611969828605652,-0.12815499305725098,0.817700982093811,0,0.7351670265197754,-0.5310519933700562,0.4213230013847351,0,0.38024699687957764,0.8375920057296753,0.3922399878501892,0,17.911487579345703,-4.424811840057373,-0.35127899050712585,1,0.9139540195465088,-0.32617101073265076,-0.24145600199699402,0,0.0032279998995363712,0.6008099913597107,-0.7993860244750977,0,0.40580499172210693,0.7298219799995422,0.5501649975776672,0,0,28.662208557128906,0,1,0.935899019241333,-0.3109300136566162,-0.1655769944190979,0,0.33518001437187195,0.6413800120353699,0.6901350021362305,0,-0.10838600248098373,-0.7013949751853943,0.7044839859008789,0,0,26.506521224975586,0,1,0.8298940062522888,-0.043818000704050064,-0.5561969876289368,0,0.4621630012989044,0.6124470233917236,0.6413379907608032,0,0.3125390112400055,-0.7892969846725464,0.5285170078277588,0,0,12.680264472961426,0,1,-0.8327810168266296,0.4939109981060028,-0.25005701184272766,0,-0.547111988067627,-0.6653119921684265,0.507964015007019,0,0.08452299982309341,0.559831976890564,0.824284017086029,0,-17.911487579345703,-4.424811840057373,-0.029843999072909355,1,0.9755589962005615,0.1471959948539734,0.16315099596977234,0,0.08045700192451477,0.4516420066356659,-0.8885639905929565,0,-0.20447899401187897,0.8799729943275452,0.42875999212265015,0,0,28.661733627319336,0,1,0.8368650078773499,0.3668760061264038,0.4062750041484833,0,-0.4581040143966675,0.06308799982070923,0.8866569995880127,0,0.2996619939804077,-0.9281280040740967,0.2208629995584488,0,0,26.521141052246094,0,1,0.8643820285797119,0.06410299986600876,0.4987330138683319,0,-0.42834800481796265,0.6133610010147095,0.6635559797286987,0,-0.26336801052093506,-0.7871969938278198,0.5576369762420654,0,0,12.433868408203125,0,1
