5.700,30,170,41
B0,mixamorig_Hips,-1,0.9895927906036377,-0.053583014756441116,-0.1333400309085846,0,0.04516441375017166,0.9968341588973999,-0.06542813777923584,0,0.13642312586307526,0.058718740940093994,0.9888806343078613,0,1.082041621208191,68.27783203125,0.45056065917015076,1
B1,mixamorig_Spine,0,0.9967999458312988,0.023147817701101303,-0.07649198174476624,0,-0.028811432421207428,0.9968593716621399,-0.07375361770391464,0,0.07454346865415573,0.07572241872549057,0.9943364262580872,0,0,7.964667797088623,-0.6217259764671326,1
B2,mixamorig_Spine1,1,0.9975319504737854,0.06272965669631958,0.031522300094366074,0,-0.06473179906606674,0.995642900466919,0.06711093336343765,0,-0.02717379294335842,-0.06898590177297592,0.9972471594810486,0,0,9.32037353515625,0,1
B3,mixamorig_Spine2,2,0.9975437521934509,0.06199288368225098,0.03259005397558212,0,-0.06408314406871796,0.9956533312797546,0.06757043302059174,0,-0.028259120881557465,-0.06949324905872345,0.9971818327903748,0,0,10.65185832977295,0,1
B4,mixamorig_Neck,3,0.9992339015007019,-0.03605932742357254,0.0151680838316679,0,0.035190094262361526,0.9979137778282166,0.05412490665912628,0,-0.017088543623685837,-0.053549524396657944,0.9984186887741089,0,0,11.983349800109863,9.999999974752427e-7,1
B5,mixamorig_Head,4,0.9959090948104858,0.07177737355232239,0.0548628531396389,0,-0.0630352720618248,0.9871048331260681,-0.1471361666917801,0,-0.06471558660268784,0.1430763453245163,0.9875907897949219,0,0,10.677154541015625,1.385388970375061,1
B6,mixamorig_HeadTop_End,5,1,0,0,0,0,1,0,0,0,0,1,0,0,72.67863464355469,9.430248260498047,1
B7,mixamorig_LeftShoulder,3,0.07912475615739822,-0.02425374649465084,-0.9965697526931763,0,0.903019368648529,-0.42170706391334534,0.0819602757692337,0,-0.42224857211112976,-0.906406819820404,-0.01146598719060421,0,8.159377098083496,9.977126121520996,-0.14016500115394592,1
B8,mixamorig_LeftArm,7,0.934944748878479,0.27588245272636414,-0.2230696678161621,0,0.06906607747077942,0.4751772880554199,0.8771700263023376,0,0.3479986786842346,-0.8355153203010559,0.4252086877822876,0,0,16.626705169677734,0,1
B9,mixamorig_LeftForeArm,8,0.944656491279602,0.3279285728931427,0.00831091869622469,0,-0.3280327320098877,0.9442789554595947,0.026725808158516884,0,0.00091766711557284,-0.02797263115644455,0.9996080994606018,0,0,21.426671981811523,0,1
B10,mixamorig_LeftHand,9,0.9910753965377808,0.05367682874202728,0.12166602164506912,0,-0.043382059782743454,0.9953727722167969,-0.08559827506542206,0,-0.12569142878055573,0.07959257811307907,0.9888342618942261,0,0,34.93510437011719,0,1
B11,mixamorig_LeftHandThumb1,10,0.9441093802452087,0.2649288773536682,-0.19613288342952728,0,-0.221490740776062,0.9505346417427063,0.21777264773845673,0,0.24412618577480316,-0.1621606945991516,0.9560889601707458,0,-5.531126976013184,3.141443967819214,0,1
B12,mixamorig_LeftHandThumb2,11,0.9822946786880493,-0.17714126408100128,0.06096016243100166,0,0.17838796973228455,0.983833909034729,-0.015593905001878738,0,-0.057209473103284836,0.026192165911197662,0.9980162382125854,0,-1.3220219612121582,4.914062023162842,0,1
B13,mixamorig_LeftHandThumb3,12,0.9874663949012756,-0.14183518290519714,0.06914903968572617,0,0.15232394635677338,0.9712109565734863,-0.18312841653823853,0,-0.04118417575955391,0.19136816263198853,0.9806536436080933,0,0.19079099595546722,5.793838024139404,0,1
B14,mixamorig_LeftHandThumb4,13,1,0,0,0,0,1,0,0,0,0,1,0,1.1312299966812134,4.6004509925842285,0,1
B15,mixamorig_LeftHandIndex1,10,0.9998989701271057,-0.010622651316225529,-0.009457001462578773,0,0.012193077243864536,0.9825706481933594,0.18548093736171722,0,0.007321935147047043,-0.1855773776769638,0.9826014637947083,0,0,8.865632057189941,0.0033370000310242176,1
B16,mixamorig_LeftHandIndex2,15,0.9998878240585327,-0.014028528705239296,-0.0051858024671673775,0,0.014885606244206429,0.8998010754585266,0.4360443353652954,0,-0.0014502938138321042,-0.43607231974601746,0.8999091982841492,0,0.06197100132703781,8.261246681213379,0,1
B17,mixamorig_LeftHandIndex3,16,0.9967014789581299,0.08017688989639282,0.012546949088573456,0,-0.08050999045372009,0.9574858546257019,0.2769935727119446,0,0.010195296257734299,-0.2770899832248688,0.9607833027839661,0,-0.18438300490379333,5.711742877960205,0,1
B18,mixamorig_LeftHandIndex4,17,1,0,0,0,0,1,0,0,0,0,1,0,0.12241200357675552,3.468430995941162,0,1
B19,mixamorig_RightShoulder,3,0.09282591938972473,-0.01428504753857851,0.9955710768699646,0,-0.9179556369781494,-0.3884708881378174,0.0800023227930069,0,0.3856217563152313,-0.9213255643844604,-0.04915367811918259,0,-8.159377098083496,9.979677200317383,-0.17284800112247467,1
B20,mixamorig_RightArm,19,0.9888148307800293,-0.14237086474895477,0.04433593899011612,0,0.04696544259786606,0.5795490145683289,0.8135572075843811,0,-0.1415407806634903,-0.8023807406425476,0.5797590613365173,0,0,16.626705169677734,0,1
B21,mixamorig_RightForeArm,20,0.9908900260925293,-0.13458946347236633,-0.00272098695859313,0,0.13461190462112427,0.9908270835876465,0.011232513934373856,0,0.001183737418614328,-0.011496315710246563,0.9999330043792725,0,0,21.435754776000977,0,1
B22,mixamorig_RightHand,21,0.9615378379821777,0.20103442668914795,-0.18706215918064117,0,-0.19875545799732208,0.979536235332489,0.031079614534974098,0,0.18947437405586243,0.007304765284061432,0.9818540811538696,0,0,34.91385269165039,0,1
B23,mixamorig_RightHandThumb1,22,0.8460931777954102,-0.5329381823539734,0.010141690261662006,0,0.5170924067497253,0.8252586126327515,0.22707539796829224,0,-0.12938691675662994,-0.1868828386068344,0.9738239049911499,0,4.671835899353027,3.4724159240722656,0.000003999999989900971,1
B24,mixamorig_RightHandThumb2,23,0.7652087211608887,0.6425020098686218,0.04054954648017883,0,-0.6437315344810486,0.764388918876648,0.03619588539004326,0,-0.0077428920194506645,-0.0538034625351429,0.9985182881355286,0,0.4199410080909729,4.637803077697754,0,1
B25,mixamorig_RightHandThumb3,24,0.9885555505752563,-0.14620661735534668,0.037160724401474,0,0.15002189576625824,0.978661060333252,-0.14039918780326843,0,-0.015839671716094017,0.14436723291873932,0.9893959760665894,0,1.337298035621643,6.01535701751709,0,1
B26,mixamorig_RightHandThumb4,25,1,0,0,0,0,1,0,0,0,0,1,0,-1.7572389841079712,5.047922134399414,0,1
B27,mixamorig_RightHandIndex1,22,0.9995474815368652,0.006295026279985905,0.029425842687487602,0,-0.012290315702557564,0.9779767394065857,0.20828169584274292,0,-0.027468765154480934,-0.20854920148849487,0.9776114225387573,0,0,8.569920539855957,0.09981100261211395,1
B28,mixamorig_RightHandIndex2,27,0.9991111159324646,-0.04123178496956825,-0.008744187653064728,0,0.041664429008960724,0.9348011612892151,0.35268205404281616,0,-0.006369996350258589,-0.35273322463035583,0.9356884360313416,0,-0.0016870000399649143,8.041950225830078,0,1
B29,mixamorig_RightHandIndex3,28,0.9999828338623047,-0.0057501778937876225,-0.0004503006348386407,0,0.0057303039357066154,0.9817758798599243,0.18980653584003448,0,-0.0006552949198521674,-0.18980596959590912,0.9817930459976196,0,-0.031332001090049744,5.6025471687316895,0,1
B30,mixamorig_RightHandIndex4,29,1,0,0,0,0,1,0,0,0,0,1,0,0.03302000090479851,3.9876890182495117,0,1
B31,mixamorig_LeftUpLeg,0,-0.9480813145637512,-0.16536380350589752,0.2716549336910248,0,0.23752744495868683,-0.9361865520477295,0.2590911388397217,0,0.2114757001399994,0.3101646900177002,0.9268594980239868,0,17.911487579345703,-4.424811840057373,-0.35127899050712585,1
B32,mixamorig_LeftLeg,31,0.9993282556533813,-0.02150251530110836,-0.028824377804994583,0,0.005247182212769985,0.8797839879989624,-0.4753290116786957,0,0.03558127582073212,0.47486060857772827,0.8793047666549683,0,0,28.662208557128906,0,1
B33,mixamorig_LeftFoot,32,0.967857837677002,-0.14491327106952667,-0.2055489867925644,0,0.25018230080604553,0.6381182074546814,0.7281420826911926,0,0.025642428547143936,-0.7561625838279724,0.6538646817207336,0,0,26.506521224975586,0,1
B34,mixamorig_LeftToeBase,33,0.8814049959182739,0,-0.4723620116710663,0,0.3661080002784729,0.6318889856338501,0.6831409931182861,0,0.29848000407218933,-0.7750589847564697,0.5569495558738708,0,0,12.680264472961426,0,1
B35,mixamorig_LeftToe_End,34,1,0,0,0,0,1,0,0,0,0,1,0,0,5.151862144470215,0,1
B36,mixamorig_RightUpLeg,0,-0.9995067715644836,0.025417892262339592,0.01828322373330593,0,-0.026792354881763458,-0.9963873624801636,-0.07894062250852585,0,0.016250209882855415,-0.07939141988754272,0.9965822696685791,0,-17.911487579345703,-4.424811840057373,-0.029843999072909355,1
B37,mixamorig_RightLeg,36,0.9876224398612976,0.06777845323085785,-0.14124618470668793,0,-0.08820202201604843,0.9849783778190613,-0.14537391066551208,0,0.12940095365047455,0.15607163310050964,0.9787617325782776,0,0,28.661733627319336,0,1
B38,mixamorig_RightFoot,37,0.9622830152511597,0.059755079448223114,0.2654021382331848,0,-0.23906300961971283,0.6513113975524902,0.7200552225112915,0,-0.1298329085111618,-0.7563450932502747,0.6410307884216309,0,0,26.521141052246094,0,1
B39,mixamorig_RightToeBase,38,0.8819649815559387,-0.00005199999941396527,0.4713149964809418,0,-0.371396005153656,0.6155999898910522,0.6950550079345703,0,-0.29017800092697144,-0.7880589962005615,0.5429180264472961,0,0,12.433868408203125,0,1
B40,mixamorig_RightToe_End,39,1,0,0,0,0,1,0,0,0,0,1,0,0,5.0621209144592285,0,1
@34,0,1,2,3,4,5,7,8,9,10,11,12,13,15,16,17,19,20,21,22,23,24,25,27,28,29,31,32,33,34,36,37,38,39
K0.000,0.9883580207824707,-0.05506499856710434,-0.14183300733566284,0,0.046243999153375626,0.9968289732933044,-0.06475900113582611,0,0.1449500024318695,0.05744599923491478,0.9877700209617615,0,1.0568259954452515,68.31495666503906,0.4664289951324463,1,0.9966199994087219,0.023655999451875687,-0.07867299765348434,0,-0.029575999826192856,0.9967489838600159,-0.07494299858808517,0,0.07664400339126587,0.07701700180768967,0.9940800070762634,0,0,7.964667797088623,-0.6217259764671326,1,0.9974520206451416,0.06379199773073196,0.03192700073122978,0,-0.06584300100803375,0.9955130219459534,0.06796000152826309,0,-0.027448000386357307,-0.06988900154829025,0.997177004814148,0,0,9.32037353515625,0,1,0.9974650144577026,0.06304199993610382,0.03301199898123741,0,-0.06518399715423584,0.995523989200592,0.06843099743127823,0,-0.028550000861287117,-0.07040899991989136,0.9971100091934204,0,0,10.65185832977295,0,1,0.9991999864578247,-0.03677099943161011,0.01570500060915947,0,0.03586899861693382,0.9978809952735901,0.05428300052881241,0,-0.017667999491095543,-0.053676001727581024,0.9984019994735718,0,0,11.983349800109863,0,1,0.9958009719848633,0.07152500003576279,0.05714099854230881,0,-0.06236900016665459,0.9869449734687805,-0.14848999679088593,0,-0.06701499968767166,0.14430199563503265,0.9872620105743408,0,0,10.677154541015625,1.385388970375061,1,0.07933399826288223,-0.024751000106334686,-0.9965410232543945,0,0.9024749994277954,-0.42279699444770813,0.08234599977731705,0,-0.4233730137348175,-0.9058859944343567,-0.01120499987155199,0,8.159377098083496,9.977126121520996,-0.14016500115394592,1,0.9357759952545166,0.2752610146999359,-0.2203499972820282,0,0.06802500039339066,0.47225698828697205,0.8788319826126099,0,0.3459700047969818,-0.837378978729248,0.4232029914855957,0,0,16.626705169677734,0,1,0.9462500214576721,0.3233320116996765,0.008181000128388405,0,-0.3234350085258484,0.9458839893341064,0.026350999251008034,0,0.0007820000173524022,-0.027580000460147858,0.9996190071105957,0,0,21.426671981811523,0,1,0.9900739789009094,0.049538999795913696,0.13152599334716797,0,-0.038152001798152924,0.9954130053520203,-0.08773099631071091,0,-0.13526800274848938,0.08184199780225754,0.9874230027198792,0,0,34.93510437011719,0,1,0.944163978099823,0.26406198740005493,-0.19704000651836395,0,-0.220551997423172,0.9508330225944519,0.21742600202560425,0,0.2447659969329834,-0.16182899475097656,0.9559820294380188,0,-5.531126976013184,3.141443967819214,0,1,0.9819589853286743,-0.17884400486946106,0.06141199916601181,0,0.18023499846458435,0.9834619760513306,-0.01785999909043312,0,-0.05720200017094612,0.028605999425053596,0.9979529976844788,0,-1.3220219612121582,4.914062023162842,0,1,0.9868950247764587,-0.14546599984169006,0.06983599811792374,0,0.15601800382137299,0.9706699848175049,-0.18291400372982025,0,-0.041179001331329346,0.1914130002260208,0.9806450009346008,0,0.19079099595546722,5.793838024139404,0,1,0.9999030232429504,-0.01032199990004301,-0.009360999800264835,0,0.011893000453710556,0.9822279810905457,0.1873130053281784,0,0.007261000107973814,-0.1874060034751892,0.9822559952735901,0,0,8.865632057189941,0.0033370000310242176,1,0.9998890161514282,-0.013939999975264072,-0.00519500020891428,0,0.014808000065386295,0.899167001247406,0.43735501170158386,0,-0.0014250000240281224,-0.4373829960823059,0.8992739915847778,0,0.06197100132703781,8.261246681213379,0,1,0.9966859817504883,0.08033899962902069,0.012746999971568584,0,-0.08067899942398071,0.9563120007514954,0.2809939980506897,0,0.01038500014692545,-0.28109100461006165,0.9596250057220459,0,-0.18438300490379333,5.711742877960205,0,1,0.08996599912643433,-0.018250999972224236,0.9957780241966248,0,-0.9156969785690308,-0.39471501111984253,0.07549600303173065,0,0.39167100191116333,-0.9186220169067383,-0.05222399905323982,0,-8.159377098083496,9.979677200317383,-0.17284800112247467,1,0.9886239767074585,-0.14459900557994843,0.041398998349905014,0,0.049695998430252075,0.5738199949264526,0.817471981048584,0,-0.1419609934091568,-0.8061149716377258,0.5744789838790894,0,0,16.626705169677734,0,1,0.9902870059013367,-0.1390089988708496,-0.002770999912172556,0,0.1390320062637329,0.9902200102806091,0.011601000092923641,0,0.0011320000048726797,-0.011873999610543251,0.9999290108680725,0,0,21.435754776000977,0,1,0.9633129835128784,0.1943960040807724,-0.18503700196743011,0,-0.1917559951543808,0.980912983417511,0.03223000094294548,0,0.18776999413967133,0.004435000009834766,0.9822030067443848,0,0,34.91385269165039,0,1,0.8459960222244263,-0.5331019759178162,0.009595000185072422,0,0.5174810290336609,0.8252769708633423,0.22612400352954865,0,-0.12846599519252777,-0.1863349974155426,0.9740509986877441,0,4.671835899353027,3.4724159240722656,0.000003999999989900971,1,0.7638900279998779,0.6440610289573669,0.04072200134396553,0,-0.6452749967575073,0.7632259726524353,0.033270999789237976,0,-0.009651999920606613,-0.05169200152158737,0.9986159801483154,0,0.4199410080909729,4.637803077697754,0,1,0.988431990146637,-0.146916002035141,0.037661999464035034,0,0.1508290022611618,0.9782459735870361,-0.14242500066757202,0,-0.015918999910354614,0.1464579999446869,0.9890890121459961,0,1.337298035621643,6.01535701751709,0,1,0.9995399713516235,0.006697999779134989,0.029596000909805298,0,-0.012548999860882759,0.9792690277099609,0.20217500627040863,0,-0.02762800082564354,-0.20245400071144104,0.9789019823074341,0,0,8.569920539855957,0.09981100261211395,1,0.9991369843482971,-0.04066900163888931,-0.008496999740600586,0,0.041088998317718506,0.9369310140609741,0.3470909893512726,0,-0.006155000068247318,-0.34714099764823914,0.9377930164337158,0,-0.0016870000399649143,8.041950225830078,0,1,0.9999880194664001,-0.004858000203967094,-0.00035200000274926424,0,0.0048409998416900635,0.9834280014038086,0.18123599886894226,0,-0.0005339999916031957,-0.18123599886894226,0.9834399819374084,0,-0.031332001090049744,5.6025471687316895,0,1,-0.948074996471405,-0.16529999673366547,0.27171701192855835,0,0.23814600706100464,-0.9352260231971741,0.2619889974594116,0,0.21081000566482544,0.31309300661087036,0.9260299801826477,0,17.911487579345703,-4.424811840057373,-0.35127899050712585,1,0.9990270137786865,-0.025126999244093895,-0.03625499829649925,0,0.005073000211268663,0.8818920254707336,-0.47142401337623596,0,0.04381899908185005,0.47078201174736023,0.8811609745025635,0,0,28.662208557128906,0,1,0.9681509733200073,-0.1441739946603775,-0.20468899607658386,0,0.24890899658203125,0.6423709988594055,0.7248470187187195,0,0.026983000338077545,-0.7527099847793579,0.6577990055084229,0,0,26.506521224975586,0,1,0.8814049959182739,0,-0.4723620116710663,0,0.3661080002784729,0.6318889856338501,0.6831409931182861,0,0.29848000407218933,-0.7750589847564697,0.5569490194320679,0,0,12.680264472961426,0,1,-0.9995700120925903,0.02253899909555912,0.018773000687360764,0,-0.02426699921488762,-0.994933009147644,-0.09756600111722946,0,0.016479000449180603,-0.09798000007867813,0.9950519800186157,0,-17.911487579345703,-4.424811840057373,-0.029843999072909355,1,0.9862290024757385,0.07177600264549255,-0.1489969938993454,0,-0.08877400308847427,0.9898750185966492,-0.11075600236654282,0,0.1395380049943924,0.12245800346136093,0.9826149940490723,0,0,28.661733627319336,0,1,0.9625440239906311,0.06139399856328964,0.26408401131629944,0,-0.2371930032968521,0.6625049710273743,0.7105119824409485,0,-0.13133500516414642,-0.746537983417511,0.6522520184516907,0,0,26.521141052246094,0,1,0.8819649815559387,-0.00005199999941396527,0.4713149964809418,0,-0.371396005153656,0.6155999898910522,0.6950550079345703,0,-0.29017800092697144,-0.7880589962005615,0.5429180264472961,0,0,12.433868408203125,0,1
K0.033,0.9905059933662415,-0.052486974745988846,-0.12705884873867035,0,0.04436597600579262,0.9968379735946655,-0.06592302024364471,0,0.13011685013771057,0.05966002866625786,0.9897019863128662,0,1.100690484046936,68.25038146972656,0.4388248324394226,1,0.9969329833984375,0.022771980613470078,-0.07487895339727402,0,-0.02824597805738449,0.9969409704208374,-0.07287397980690002,0,0.07298996299505234,0.07476497441530228,0.9945260286331177,0,0,7.964667797088623,-0.6217259764671326,1,0.9975910186767578,0.06194397807121277,0.03122299164533615,0,-0.06390997767448425,0.9957389831542969,0.06648298352956772,0,-0.02697099559009075,-0.06831798702478409,0.9972990155220032,0,0,9.32037353515625,0,1,0.9976019859313965,0.06121698021888733,0.032277993857860565,0,-0.06326897442340851,0.9957489967346191,0.06693398207426071,0,-0.028043994680047035,-0.06881598383188248,0.9972350001335144,0,0,10.65185832977295,0,1,0.9992589950561523,-0.03553299233317375,0.01477099396288395,0,0.03468799218535423,0.9979379773139954,0.054007984697818756,0,-0.016659993678331375,-0.053455986082553864,0.9984310269355774,0,0,11.983349800109863,0,1,0.9959890246391296,0.07196402549743652,0.05317799374461174,0,-0.06352803111076355,0.9872230291366577,-0.1461348980665207,0,-0.06301499158143997,0.14216989278793335,0.9878339767456055,0,0,10.677154541015625,1.385388970375061,1,0.07897000014781952,-0.02388599142432213,-0.9965909719467163,0,0.9034219980239868,-0.42090097069740295,0.08167500048875809,0,-0.4214169681072235,-0.9067919850349426,-0.011659006588160992,0,8.159377098083496,9.977126121520996,-0.14016500115394592,1,0.9343299865722656,0.2763420343399048,-0.22508107125759125,0,0.06983602792024612,0.4773370623588562,0.8759409189224243,0,0.34949904680252075,-0.834136962890625,0.42669203877449036,0,0,16.626705169677734,0,1,0.9434779286384583,0.3313280940055847,0.008407003246247768,0,-0.33143308758735657,0.9430919289588928,0.027003007009625435,0,0.0010180030949413776,-0.02826301008462906,0.9995999932289124,0,0,21.426671981811523,0,1,0.991815984249115,0.056737061589956284,0.1143738254904747,0,-0.04725008085370064,0.995343029499054,-0.08402097225189209,0,-0.11860883235931396,0.07792896777391434,0.9898779988288879,0,0,34.93510437011719,0,1,0.9440690279006958,0.2655700147151947,-0.19546198844909668,0,-0.22218501567840576,0.9503139853477478,0.21802902221679688,0,0.24365298449993134,-0.16240601241588593,0.956167995929718,0,-5.531126976013184,3.141443967819214,0,1,0.9825429916381836,-0.17588196694850922,0.060625992715358734,0,0.17702196538448334,0.9841089844703674,-0.013917958363890648,0,-0.05721500143408775,0.024406954646110535,0.9980630278587341,0,-1.3220219612121582,4.914062023162842,0,1,0.9878889918327332,-0.13914991915225983,0.06864098459482193,0,0.14959192276000977,0.9716110229492188,-0.18328699469566345,0,-0.04118800163269043,0.19133499264717102,0.9806600213050842,0,0.19079099595546722,5.793838024139404,0,1,0.9998959898948669,-0.010845005512237549,-0.009528001770377159,0,0.012415005825459957,0.9828240275382996,0.18412597477436066,0,0.007367000915110111,-0.1842249631881714,0.9828569889068604,0,0,8.865632057189941,0.0033370000310242176,1,0.9998869895935059,-0.014094001613557339,-0.005179000087082386,0,0.014943001791834831,0.9002699851989746,0.43507498502731323,0,-0.0014690004754811525,-0.4351029694080353,0.9003790020942688,0,0.06197100132703781,8.261246681213379,0,1,0.9967129826545715,0.08005700260400772,0.012398996390402317,0,-0.0803849995136261,0.9583539962768555,0.27403494715690613,0,0.010054996237158775,-0.2741309404373169,0.9616400003433228,0,-0.18438300490379333,5.711742877960205,0,1,0.09494104981422424,-0.011351928114891052,0.9954180121421814,0,-0.9196260571479797,-0.38385286927223206,0.08333507925271988,0,0.3811478912830353,-0.9233250617980957,-0.04688294231891632,0,-8.159377098083496,9.979677200317383,-0.17284800112247467,1,0.9889559745788574,-0.14072299003601074,0.046508025377988815,0,0.044945988804101944,0.5837860703468323,0.8106619119644165,0,-0.1412300020456314,-0.7996189594268799,0.583664059638977,0,0,16.626705169677734,0,1,0.9913359880447388,-0.13132089376449585,-0.0026839987840503454,0,0.13134290277957916,0.9912760257720947,0.010959991253912449,0,0.0012220011558383703,-0.011216990649700165,0.9999359846115112,0,0,21.435754776000977,0,1,0.960224986076355,0.20594404637813568,-0.1885599046945572,0,-0.20393207669258118,0.978518009185791,0.030228817835450172,0,0.1907348781824112,0.009427172131836414,0.9815959930419922,0,0,34.91385269165039,0,1,0.8461650013923645,-0.532817006111145,0.010546008124947548,0,0.5168049931526184,0.8252450227737427,0.22777903079986572,0,-0.13006801903247833,-0.18728801608085632,0.9736559987068176,0,4.671835899353027,3.4724159240722656,0.000003999999989900971,1,0.7661839723587036,0.6413490176200867,0.040421999990940094,0,-0.6425899863243103,0.7652490139007568,0.038359060883522034,0,-0.006330963224172592,-0.05536504462361336,0.998445987701416,0,0.4199410080909729,4.637803077697754,0,1,0.9886469841003418,-0.1456819772720337,0.036789990961551666,0,0.1494249701499939,0.9789680242538452,-0.13890095055103302,0,-0.01578100211918354,0.14282095432281494,0.9896230101585388,0,1.337298035621643,6.01535701751709,0,1,0.9995530247688293,0.005996997468173504,0.02929999865591526,0,-0.012098998762667179,0.9770209789276123,0.21279805898666382,0,-0.027350997552275658,-0.21305705606937408,0.976656973361969,0,0,8.569920539855957,0.09981100261211395,1,0.9990919828414917,-0.041648004204034805,-0.008927001617848873,0,0.042090002447366714,0.9332259893417358,0.3568170666694641,0,-0.006529001984745264,-0.35686907172203064,0.9341319799423218,0,-0.0016870000399649143,8.041950225830078,0,1,0.9999790191650391,-0.006410010624676943,-0.0005230013630352914,0,0.006388010922819376,0.9805539846420288,0.19614510238170624,0,-0.0007450015982612967,-0.19614410400390625,0.9805750250816345,0,-0.031332001090049744,5.6025471687316895,0,1,-0.9480860233306885,-0.16541099548339844,0.27160900831222534,0,0.2370699793100357,-0.9368969798088074,0.25694793462753296,0,0.21196801960468292,0.3079989552497864,0.9274730086326599,0,17.911487579345703,-4.424811840057373,-0.35127899050712585,1,0.999550998210907,-0.01882193610072136,-0.02332887426018715,0,0.0053760032169520855,0.8782249689102173,-0.47821706533432007,0,0.029488857835531235,0.47787705063819885,0.8779320120811462,0,0,28.662208557128906,0,1,0.9676409959793091,-0.14546000957489014,-0.2061850130558014,0,0.2511240243911743,0.6349729299545288,0.7305790781974792,0,0.024650974199175835,-0.7587160468101501,0.6509549617767334,0,0,26.506521224975586,0,1,0.8814049959182739,0,-0.4723620116710663,0,0.3661080002784729,0.6318889856338501,0.6831409931182861,0,0.29848000407218933,-0.7750589847564697,0.5569499731063843,0,0,12.680264472961426,0,1,-0.999459981918335,0.027547050267457962,0.017920996993780136,0,-0.028660045936703682,-0.9974629878997803,-0.06516575813293457,0,0.016081001609563828,-0.06564376503229141,0.9977139830589294,0,-17.911487579345703,-4.424811840057373,-0.029843999072909355,1,0.9886530041694641,0.06482196599245071,-0.13551387190818787,0,-0.08777899295091629,0.9813569188117981,-0.1709764450788498,0,0.12190382927656174,0.1809314340353012,0.9759119153022766,0,0,28.661733627319336,0,1,0.962090015411377,0.058542974293231964,0.2663770020008087,0,-0.24044601619243622,0.6430329084396362,0.7271131277084351,0,-0.12872198224067688,-0.7635981440544128,0.6327318549156189,0,0,26.521141052246094,0,1,0.8819649815559387,-0.00005199999941396527,0.4713149964809418,0,-0.371396005153656,0.6155999898910522,0.6950550079345703,0,-0.29017800092697144,-0.7880589962005615,0.5429180264472961,0,0,12.433868408203125,0,1
K0.067,0.9924389719963074,-0.049720026552677155,-0.11222115159034729,0,0.042258020490407944,0.9967960119247437,-0.0679139792919159,0,0.11523815244436264,0.06265897303819656,0.9913600087165833,0,1.146033525466919,68.18871307373047,0.42241114377975464,1,0.9972860217094421,0.020929018035531044,-0.07058104127645493,0,-0.025922022759914398,0.9971699714660645,-0.0705760195851326,0,0.06890504062175751,0.0722140222787857,0.9950060248374939,0,0,7.964667797088623,-0.6217259764671326,1,0.9977380037307739,0.05989101901650429,0.030530007556080818,0,-0.06176802143454552,0.9959869980812073,0.06476101279258728,0,-0.02652900293469429,-0.06650101393461227,0.9974340200424194,0,0,9.32037353515625,0,1,0.9977480173110962,0.05918801948428154,0.03155500814318657,0,-0.06114602088928223,0.9959980249404907,0.06519301235675812,0,-0.027570005506277084,-0.06697501242160797,0.9973739981651306,0,0,10.65185832977295,0,1,0.9992949962615967,-0.034734006971120834,0.014227005653083324,0,0.03394200652837753,0.9980440139770508,0.05250801518559456,0,-0.016023006290197372,-0.051988013088703156,0.9985190033912659,0,0,11.983349800109863,0,1,0.9958369731903076,0.07453397661447525,0.052475009113550186,0,-0.06679096817970276,0.9884039759635925,-0.13637010753154755,0,-0.062031012028455734,0.13229809701442719,0.9892669916152954,0,0,10.677154541015625,1.385388970375061,1,0.07913699746131897,-0.023018009960651398,-0.9965980052947998,0,0.9043869972229004,-0.4188610315322876,0.08148899674415588,0,-0.4193110167980194,-0.9077590107917786,-0.012329993769526482,0,8.159377098083496,9.977126121520996,-0.14016500115394592,1,0.9318119883537292,0.27891096472740173,-0.23223692178726196,0,0.07289496809244156,0.48301494121551514,0.8725720643997192,0,0.35554394125938416,-0.8300030827522278,0.42974796891212463,0,0,16.626705169677734,0,1,0.9398390650749207,0.3415079116821289,0.008702997118234634,0,-0.3416159152984619,0.9394270777702332,0.027831992134451866,0,0.0013289968483150005,-0.02913099154829979,0.9995750188827515,0,0,21.426671981811523,0,1,0.993274986743927,0.06315892934799194,0.09703317284584045,0,-0.055383916944265366,0.9951879978179932,-0.0808270275592804,0,-0.10167117416858673,0.0749090313911438,0.9919940233230591,0,0,34.93510437011719,0,1,0.9441369771957397,0.26646700501441956,-0.19390802085399628,0,-0.22315898537635803,0.949908971786499,0.2187969833612442,0,0.2424980103969574,-0.1633019894361496,0.9563090205192566,0,-5.531126976013184,3.141443967819214,0,1,0.9830880165100098,-0.17305302619934082,0.05991600826382637,0,0.17392903566360474,0.9847099781036377,-0.009690041653811932,0,-0.05732300132513046,0.019947044551372528,0.9981560111045837,0,-1.3220219612121582,4.914062023162842,0,1,0.9889379739761353,-0.13220606744289398,0.06725401431322098,0,0.1425030678510666,0.972648024559021,-0.1834380030632019,0,-0.04116300120949745,0.19099299609661102,0.9807279706001282,0,0.19079099595546722,5.793838024139404,0,1,0.999888002872467,-0.011395994573831558,-0.009699998423457146,0,0.012961994856595993,0.9834399819374084,0.18076802790164948,0,0.007479999214410782,-0.18087303638458252,0.9834780097007751,0,0,8.865632057189941,0.0033370000310242176,1,0.9998850226402283,-0.014253998175263405,-0.005160999950021505,0,0.015083998441696167,0.901419997215271,0.4326820373535156,0,-0.0015149995451793075,-0.43271002173423767,0.901531994342804,0,0.06197100132703781,8.261246681213379,0,1,0.9967420101165771,0.07975699752569199,0.012035003863275051,0,-0.0800739973783493,0.9604499936103821,0.2666930556297302,0,0.009712004102766514,-0.266787052154541,0.9637060165405273,0,-0.18438300490379333,5.711742877960205,0,1,0.10035494714975357,-0.004220070783048868,0.9949430227279663,0,-0.9235299229621887,-0.3724351227283478,0.09157191962003708,0,0.3701651096343994,-0.9280489683151245,-0.04127305746078491,0,-8.159377098083496,9.979677200317383,-0.17284800112247467,1,0.9889649748802185,-0.13982601463794708,0.048951972275972366,0,0.04383501037955284,0.5918229222297668,0.8048750758171082,0,-0.14151300489902496,-0.7938480377197266,0.5914209485054016,0,0,16.626705169677734,0,1,0.9926699995994568,-0.12083010375499725,-0.002572001190856099,0,0.1208501011133194,0.9926199913024902,0.010085008107125759,0,0.0013349988730624318,-0.01032100897282362,0.9999459981918335,0,0,21.435754776000977,0,1,0.9609090089797974,0.21036195755004883,-0.18000708520412445,0,-0.21170292794704437,0.9772610068321228,0.011953181587159634,0,0.17842811346054077,0.026621827855706215,0.9835929870605469,0,0,34.91385269165039,0,1,0.8464670181274414,-0.5323190093040466,0.011388991959393024,0,0.5158560276031494,0.8252109885215759,0.23003996908664703,0,-0.13185298442840576,-0.18884599208831787,0.973114013671875,0,4.671835899353027,3.4724159240722656,0.000003999999989900971,1,0.7681030035018921,0.6390470266342163,0.040460001677274704,0,-0.6403210163116455,0.7668250203132629,0.04436993971467018,0,-0.0026710364036262035,-0.059987954795360565,0.998196005821228,0,0.4199410080909729,4.637803077697754,0,1,0.9890300035476685,-0.14327102899551392,0.035957008600234985,0,0.1468450278043747,0.9800059795379639,-0.13425904512405396,0,-0.016001997515559196,0.13806705176830292,0.9902939796447754,0,1.337298035621643,6.01535701751709,0,1,0.9995579719543457,0.005751002114266157,0.029162002727389336,0,-0.01200300082564354,0.9756460189819336,0.21902194619178772,0,-0.02719300240278244,-0.21927493810653687,0.9752839803695679,0,0,8.569920539855957,0.09981100261211395,1,0.9990689754486084,-0.04215799644589424,-0.009156998246908188,0,0.04261299595236778,0.9312440156936646,0.36189594864845276,0,-0.00672899791970849,-0.3619489371776581,0.932174026966095,0,-0.0016870000399649143,8.041950225830078,0,1,0.9999719858169556,-0.007477989420294762,-0.0006539986934512854,0,0.007451989222317934,0.9784409999847412,0.2063898891210556,0,-0.0009039984433911741,-0.20638889074325562,0.9784700274467468,0,-0.031332001090049744,5.6025471687316895,0,1,-0.9481040239334106,-0.16553199291229248,0.2714740037918091,0,0.23564301431179047,-0.9390289783477783,0.25039204955101013,0,0.21347399055957794,0.3013680577278137,0.9293040037155151,0,17.911487579345703,-4.424811840057373,-0.35127899050712585,1,0.9998649954795837,-0.012439063750207424,-0.010691125877201557,0,0.005709996912628412,0.8750230669975281,-0.48404794931411743,0,0.015376140363514423,0.48392194509506226,0.8749759793281555,0,0,28.662208557128906,0,1,0.9671199917793274,-0.14699998497962952,-0.20753099024295807,0,0.25335997343063354,0.6276980638504028,0.7360729575157166,0,0.022064026445150375,-0.7644509673118591,0.6443040370941162,0,0,26.506521224975586,0,1,0.8814049959182739,0,-0.4723620116710663,0,0.3661080002784729,0.6318889856338501,0.6831409931182861,0,0.29848000407218933,-0.7750589847564697,0.5569499731063843,0,0,12.680264472961426,0,1,-0.9993150234222412,0.032571952790021896,0.017548004165291786,0,-0.03327495604753494,-0.9985899925231934,-0.04135124012827873,0,0.016175998374819756,-0.041907235980033875,0.9989910125732422,0,-17.911487579345703,-4.424811840057373,-0.029843999072909355,1,0.9906719923019409,0.061465032398700714,-0.1216171383857727,0,-0.08674300462007523,0.9727640748023987,-0.21495456993579865,0,0.10509316623210907,0.22349858283996582,0.9690220355987549,0,0,28.661733627319336,0,1,0.9618229866027832,0.05607602745294571,0.2678639888763428,0,-0.24231497943401337,0.629418134689331,0.7383198738098145,0,-0.12719601392745972,-0.775040864944458,0.6189771294593811,0,0,26.521141052246094,0,1,0.8819649815559387,-0.00005199999941396527,0.4713149964809418,0,-0.371396005153656,0.6155999898910522,0.6950550079345703,0,-0.29017800092697144,-0.7880589962005615,0.5429180264472961,0,0,12.433868408203125,0,1
K0.100,0.9941459894180298,-0.04681599885225296,-0.09737200289964676,0,0.040022000670433044,0.9967020153999329,-0.07059700042009354,0,0.10035599768161774,0.06628700345754623,0.9927409887313843,0,1.1859649419784546,68.13795471191406,0.4138599932193756,1,0.9975789785385132,0.01846900023519993,-0.06704600155353546,0,-0.023006999865174294,0.9974499940872192,-0.06756500154733658,0,0.06562700122594833,0.06894399970769882,0.9954599738121033,0,0,7.964667797088623,-0.6217259764671326,1,0.9978870153427124,0.057805001735687256,0.029666999354958534,0,-0.05958100035786629,0.9962360262870789,0.06295900046825409,0,-0.025916000828146935,-0.06459400057792664,0.9975749850273132,0,0,9.32037353515625,0,1,0.9978960156440735,0.05712699890136719,0.030657999217510223,0,-0.05897999927401543,0.9962459802627563,0.06337100267410278,0,-0.026923000812530518,-0.06504499912261963,0.9975190162658691,0,0,10.65185832977295,0,1,0.9992539882659912,-0.03611199930310249,0.013705000281333923,0,0.035381998866796494,0.9981099963188171,0.05024399980902672,0,-0.015494000166654587,-0.04972200095653534,0.9986429810523987,0,0,11.983349800109863,0,1,0.9951540231704712,0.08061400055885315,0.056306999176740646,0,-0.073403000831604,0.9900410175323486,-0.12012799829244614,0,-0.06543000042438507,0.11541300266981125,0.991159975528717,0,0,10.677154541015625,1.385388970375061,1,0.08024699985980988,-0.022153999656438828,-0.9965289831161499,0,0.905551016330719,-0.41620200872421265,0.08217299729585648,0,-0.4165779948234558,-0.9090020060539246,-0.013337000273168087,0,8.159377098083496,9.977126121520996,-0.14016500115394592,1,0.9264690279960632,0.28706300258636475,-0.24341200292110443,0,0.0765639990568161,0.48946401476860046,0.8686559796333313,0,0.3684999942779541,-0.8234189748764038,0.4314950108528137,0,0,16.626705169677734,0,1,0.9347829818725586,0.35510098934173584,0.009115000255405903,0,-0.35521399974823,0.9343370199203491,0.028939999639987946,0,0.0017600000137463212,-0.03029000014066696,0.9995399713516235,0,0,21.426671981811523,0,1,0.9944729804992676,0.06846100091934204,0.07960700243711472,0,-0.06222600117325783,0.9949830174446106,-0.07833199948072433,0,-0.08456999808549881,0.0729449987411499,0.9937440156936646,0,0,34.93510437011719,0,1,0.9441559910774231,0.2675980031490326,-0.1922529935836792,0,-0.2243890017271042,0.9494439959526062,0.21955899894237518,0,0.2412869930267334,-0.16415800154209137,0.9564689993858337,0,-5.531126976013184,3.141443967819214,0,1,0.9836710095405579,-0.16998399794101715,0.05913899838924408,0,0.17058899998664856,0.9853280186653137,-0.005297999829053879,0,-0.057371001690626144,0.015300000086426735,0.9982360005378723,0,-1.3220219612121582,4.914062023162842,0,1,0.9900100231170654,-0.12471599876880646,0.06577900052070618,0,0.13486599922180176,0.9736840128898621,-0.18371400237083435,0,-0.0411360003054142,0.19075000286102295,0.9807760119438171,0,0.19079099595546722,5.793838024139404,0,1,0.9998800158500671,-0.011971999891102314,-0.009877000004053116,0,0.013534000143408775,0.9840720295906067,0.17725400626659393,0,0.0075980001129209995,-0.1773660033941269,0.9841160178184509,0,0,8.865632057189941,0.0033370000310242176,1,0.9998829960823059,-0.014422000385820866,-0.005142000038176775,0,0.015231000259518623,0.9026119709014893,0.430186003446579,0,-0.001563000027090311,-0.43021300435066223,0.9027259945869446,0,0.06197100132703781,8.261246681213379,0,1,0.996770977973938,0.07944100350141525,0.011656000278890133,0,-0.07974500209093094,0.9625800251960754,0.25899800658226013,0,0.009355000220239162,-0.2590920031070709,0.9658070206642151,0,-0.18438300490379333,5.711742877960205,0,1,0.10620799660682678,0.0030979998409748077,0.9943389892578125,0,-0.9273620247840881,-0.36050501465797424,0.10017800331115723,0,0.35877498984336853,-0.9327520132064819,-0.035415999591350555,0,-8.159377098083496,9.979677200317383,-0.17284800112247467,1,0.9890760183334351,-0.13650700449943542,0.055622998625040054,0,0.03813999891281128,0.6014990210533142,0.79796302318573,0,-0.14238500595092773,-0.7871249914169312,0.600134015083313,0,0,16.626705169677734,0,1,0.9919300079345703,-0.1267630010843277,-0.0026340000331401825,0,0.12678399682044983,0.9918739795684814,0.010579999536275864,0,0.001272000023163855,-0.01082799956202507,0.9999409914016724,0,0,21.435754776000977,0,1,0.9638640284538269,0.1815200001001358,-0.19497999548912048,0,-0.1889290064573288,0.9817879796028137,-0.019939998164772987,0,0.1878100037574768,0.056056998670101166,0.9806039929389954,0,0,34.91385269165039,0,1,0.84682697057724,-0.5317280292510986,0.01221300009638071,0,0.5147749781608582,0.8251699805259705,0.23259800672531128,0,-0.13375599682331085,-0.1906830072402954,0.972495973110199,0,4.671835899353027,3.4724159240722656,0.000003999999989900971,1,0.7699090242385864,0.6368589997291565,0.04062199965119362,0,-0.638152003288269,0.7682260274887085,0.050895001739263535,0,0.0012059998698532581,-0.06510800123214722,0.9978780150413513,0,0.4199410080909729,4.637803077697754,0,1,0.9894809722900391,-0.14033199846744537,0.03514400124549866,0,0.14373600482940674,0.9811630249023438,-0.12906600534915924,0,-0.016370000317692757,0.13276000320911407,0.9910129904747009,0,1.337298035621643,6.01535701751709,0,1,0.9995610117912292,0.005685000214725733,0.02908799983561039,0,-0.01205000001937151,0.9746090173721313,0.22359099984169006,0,-0.02707800082862377,-0.22384299337863922,0.974249005317688,0,0,8.569920539855957,0.09981100261211395,1,0.9990730285644531,-0.04206399992108345,-0.009115000255405903,0,0.04251699894666672,0.9316139817237854,0.36095499992370605,0,-0.006692000199109316,-0.3610079884529114,0.9325389862060547,0,-0.0016870000399649143,8.041950225830078,0,1,0.9999679923057556,-0.007907000370323658,-0.0007089999853633344,0,0.007879000157117844,0.9775599837303162,0.2105100005865097,0,-0.0009710000013001263,-0.21050900220870972,0.9775909781455994,0,-0.031332001090049744,5.6025471687316895,0,1,-0.948108971118927,-0.16575799882411957,0.2713170051574707,0,0.23388800024986267,-0.9416599869728088,0.24201700091362,0,0.2153719961643219,0.2929159998893738,0.9315659999847412,0,17.911487579345703,-4.424811840057373,-0.35127899050712585,1,0.9999799728393555,-0.006007000338286161,0.0017619994468986988,0,0.00610300013795495,0.8728939890861511,-0.487870991230011,0,0.0013930005952715874,0.48787200450897217,0.8729140162467957,0,0,28.662208557128906,0,1,0.9665539860725403,-0.14899000525474548,-0.20874600112438202,0,0.2557370066642761,0.6211029887199402,0.7408310174942017,0,0.019276000559329987,-0.7694370150566101,0.6384320259094238,0,0,26.506521224975586,0,1,0.8814049959182739,0,-0.4723620116710663,0,0.3661080002784729,0.6318879723548889,0.6831409931182861,0,0.2984809875488281,-0.7750589847564697,0.5569490194320679,0,0,12.680264472961426,0,1,-0.999144971370697,0.03747899830341339,0.01747800037264824,0,-0.03787799924612045,-0.9990159869194031,-0.023086000233888626,0,0.01659500040113926,-0.02372800000011921,0.999580979347229,0,-17.911487579345703,-4.424811840057373,-0.029843999072909355,1,0.9923520088195801,0.06039699912071228,-0.10765500366687775,0,-0.08570399880409241,0.9647650122642517,-0.24876199662685394,0,0.08883699774742126,0.25608599185943604,0.9625629782676697,0,0,28.661733627319336,0,1,0.9616810083389282,0.053766001015901566,0.2688469886779785,0,-0.24326500296592712,0.619612991809845,0.746258020401001,0,-0.12645700573921204,-0.7830640077590942,0.6089500188827515,0,0,26.521141052246094,0,1,0.8819649815559387,-0.00005199999941396527,0.4713149964809418,0,-0.371396005153656,0.6155999898910522,0.6950550079345703,0,-0.29017800092697144,-0.7880589962005615,0.5429180264472961,0,0,12.433868408203125,0,1
