4.667,30,140,41
B0,mixamorig_Hips,-1,0.9695295095443726,0.24076566100120544,-0.045214418321847916,0,-0.24433475732803345,0.9370503425598145,-0.24947576224803925,0,-0.017697442322969437,0.25292110443115234,0.9673253893852234,0,0.061302606016397476,21.182592391967773,2.780341148376465,1
B1,mixamorig_Spine,0,0.9961624145507812,-0.05716605857014656,0.06627999991178513,0,0.05166565626859665,0.995297908782959,0.08193385601043701,0,-0.07065212726593018,-0.07819439470767975,0.9944316744804382,0,0,7.964667797088623,-0.6217259764671326,1
B2,mixamorig_Spine1,1,0.9925838708877563,-0.08729531615972519,0.08460313081741333,0,0.056526388972997665,0.9475640058517456,0.3145284354686737,0,-0.10762399435043335,-0.30741357803344727,0.9454704523086548,0,0,9.32037353515625,0,1
B3,mixamorig_Spine2,2,0.9925838708877563,-0.08729531615972519,0.08460313081741333,0,0.056526388972997665,0.9475640058517456,0.3145284354686737,0,-0.10762399435043335,-0.30741357803344727,0.9454704523086548,0,0,10.65185832977295,0,1
B4,mixamorig_Neck,3,0.9926621913909912,-0.07815548777580261,-0.092270627617836,0,0.06998349726200104,0.9935968518257141,-0.08870160579681396,0,0.09861229360103607,0.0815928727388382,0.9917754530906677,0,0,11.983349800109863,9.999999974752427e-7,1
B5,mixamorig_Head,4,0.999936580657959,-0.0100327730178833,-0.005017190705984831,0,0.0074847484938800335,0.9298999905586243,-0.36773717403411865,0,0.008354534395039082,0.3676757514476776,0.9299168586730957,0,0,10.677154541015625,1.385388970375061,1
B6,mixamorig_HeadTop_End,5,1,0,0,0,0,1,0,0,0,0,1,0,0,72.67863464355469,9.430248260498047,1
B7,mixamorig_LeftShoulder,3,0.21779100596904755,-0.05933099985122681,-0.9741899967193604,0,0.9219610095024109,-0.31500494480133057,0.22529900074005127,0,-0.3202419877052307,-0.9472339749336243,-0.013903999701142311,0,8.159377098083496,9.977126121520996,-0.14016500115394592,1
B8,mixamorig_LeftArm,7,0.946945071220398,0.27154457569122314,0.17192500829696655,0,-0.3137454688549042,0.6650069952011108,0.6777386665344238,0,0.06970538198947906,-0.6957226395606995,0.7149209976196289,0,0,16.626705169677734,0,1
B9,mixamorig_LeftForeArm,8,-0.036683689802885056,0.9947741031646729,0.09528093039989471,0,-0.9957191348075867,-0.04447862133383751,0.08102560043334961,0,0.08484012633562088,-0.09190113097429276,0.9921471476554871,0,0,21.426671981811523,0,1
B10,mixamorig_LeftHand,9,0.22462975978851318,0.21334615349769592,-0.9508019089698792,0,0.5101159811019897,0.805611252784729,0.3012845516204834,0,0.830254852771759,-0.5526973605155945,0.07213254272937775,0,0,34.93510437011719,0,1
B11,mixamorig_LeftHandThumb1,10,0.9744762182235718,0.06757014989852905,-0.2140788435935974,0,-0.059309571981430054,0.9972348809242249,0.04478400945663452,0,0.21651344001293182,-0.03094445914030075,0.9757892489433289,0,-5.531126976013184,3.141443967819214,0,1
B12,mixamorig_LeftHandThumb2,11,0.9846433401107788,0.17161527276039124,0.03201437368988991,0,-0.17200954258441925,0.9850454926490784,0.009950702078640461,0,-0.029827699065208435,-0.015305161476135254,0.9994383454322815,0,-1.3220219612121582,4.914062023162842,0,1
B13,mixamorig_LeftHandThumb3,12,0.977167010307312,0.20672394335269928,0.04908499866724014,0,-0.2063779979944229,0.9783980250358582,-0.01206899993121624,0,-0.050519999116659164,0.0016629999736323953,0.9987220168113708,0,0.19079099595546722,5.793838024139404,0,1
B14,mixamorig_LeftHandThumb4,13,1,0,0,0,0,1,0,0,0,0,1,0,1.1312299966812134,4.6004509925842285,0,1
B15,mixamorig_LeftHandIndex1,10,0.9962335824966431,-0.083823062479496,-0.022189775481820107,0,0.0867026075720787,0.9664161205291748,0.24191270768642426,0,0.0011666669743135571,-0.24292545020580292,0.9700437188148499,0,0,8.865632057189941,0.0033370000310242176,1
B16,mixamorig_LeftHandIndex2,15,0.9997110366821289,0.023939061909914017,0.0021280739456415176,0,-0.021983344107866287,0.8750635385513306,0.48350659012794495,0,0.009712550789117813,-0.4834141433238983,0.8753376603126526,0,0.06197100132703781,8.261246681213379,0,1
B17,mixamorig_LeftHandIndex3,16,0.9977189898490906,0.06749793142080307,0.0007750000222586095,0,-0.06749793142080307,0.9977189898490906,-0.000028000000384054147,0,-0.0007750000222586095,-0.000024933216991485097,1,0,-0.18438300490379333,5.711742877960205,0,1
B18,mixamorig_LeftHandIndex4,17,1,0,0,0,0,1,0,0,0,0,1,0,0.12241200357675552,3.468430995941162,0,1
B19,mixamorig_RightShoulder,3,0.21359500288963318,0.058790065348148346,0.9751520156860352,0,-0.9238219857215881,-0.3124549984931946,0.2211890071630478,0,0.3176949918270111,-0.9481119513511658,-0.01242700032889843,0,-8.159377098083496,9.979677200317383,-0.17284800112247467,1
B20,mixamorig_RightArm,19,0.8473857045173645,-0.5218479633331299,0.09804119914770126,0,0.28463858366012573,0.6023154258728027,0.7457864284515381,0,-0.4482385814189911,-0.6040627956390381,0.6589311957359314,0,0,16.626705169677734,0,1
B21,mixamorig_RightForeArm,20,0.60147625207901,-0.7982175946235657,-0.03279927000403404,0,0.7979426383972168,0.59825599193573,0.07333400100469589,0,-0.03891393542289734,-0.07028060406446457,0.9967678785324097,0,0,21.435754776000977,0,1
B22,mixamorig_RightHand,21,0.6524394750595093,-0.1671195924282074,0.7391846776008606,0,0.4513442814350128,0.869218647480011,-0.20185962319374084,0,-0.6087777614593506,0.46532753109931946,0.6425407528877258,0,0,34.91385269165039,0,1
B23,mixamorig_RightHandThumb1,22,0.9081867933273315,-0.4088638126850128,0.08959000557661057,0,0.31062546372413635,0.8018296957015991,0.5104718208312988,0,-0.2805488109588623,-0.43577495217323303,0.8552147150039673,0,4.671835899353027,3.4724159240722656,0.000003999999989900971,1
B24,mixamorig_RightHandThumb2,23,0.9678964614868164,0.2485402375459671,-0.03747079521417618,0,-0.24829715490341187,0.9686203002929688,0.011068605817854404,0,0.0390457957983017,-0.0014094726648181677,0.9992360472679138,0,0.4199410080909729,4.637803077697754,0,1
B25,mixamorig_RightHandThumb3,24,0.8504359722137451,-0.5258449912071228,-0.015684066340327263,0,0.525829017162323,0.8505730032920837,-0.00546099990606308,0,0.01621199958026409,-0.003602999961003661,0.999862015247345,0,1.337298035621643,6.01535701751709,0,1
B26,mixamorig_RightHandThumb4,25,1,0,0,0,0,1,0,0,0,0,1,0,-1.7572389841079712,5.047922134399414,0,1
B27,mixamorig_RightHandIndex1,22,0.999686062335968,0.009422597475349903,0.023229995742440224,0,-0.02200666256248951,0.773651659488678,0.63322913646698,0,-0.01200526487082243,-0.6335411071777344,0.7736156582832336,0,0,8.569920539855957,0.09981100261211395,1
B28,mixamorig_RightHandIndex2,27,0.9991419911384583,-0.04059773311018944,-0.008150933310389519,0,0.04117066413164139,0.9528896808624268,0.3005099892616272,0,-0.004432866349816322,-0.3005880117416382,0.9537436366081238,0,-0.0016870000399649143,8.041950225830078,0,1
B29,mixamorig_RightHandIndex3,28,0.9999039769172668,0.013861999846994877,-0.0001539999939268455,0,-0.013861999846994877,0.9999039769172668,9.999999974752427e-7,0,0.0001539999939268455,9.999999974752427e-7,1,0,-0.031332001090049744,5.6025471687316895,0,1
B30,mixamorig_RightHandIndex4,29,1,0,0,0,0,1,0,0,0,0,1,0,0.03302000090479851,3.9876890182495117,0,1
B31,mixamorig_LeftUpLeg,0,-0.8911144733428955,0.30936741828918457,0.3319754898548126,0,0.37179356813430786,0.07832648605108261,0.9250051975250244,0,0.26016390323638916,0.9477110505104065,-0.18481875956058502,0,17.911487579345703,-4.424811840057373,-0.35127899050712585,1
B32,mixamorig_LeftLeg,31,0.997809886932373,0.005468131974339485,0.0659196674823761,0,0.04331473261117935,-0.807199239730835,-0.5886878967285156,0,0.04999139904975891,0.5902538895606995,-0.8056681156158447,0,0,28.662208557128906,0,1
B33,mixamorig_LeftFoot,32,0.9640772342681885,0.22840440273284912,-0.13559432327747345,0,0.0444401316344738,0.3645879328250885,0.9301081299781799,0,0.2618764638900757,-0.902722179889679,0.3413412868976593,0,0,26.506521224975586,0,1
B34,mixamorig_LeftToeBase,33,0.8812614679336548,-0.001582270604558289,-0.4726262092590332,0,0.3662407398223877,0.6343653202056885,0.6807709336280823,0,0.2987409830093384,-0.7730320692062378,0.5596212148666382,0,0,12.680264472961426,0,1
B35,mixamorig_LeftToe_End,34,1,0,0,0,0,1,0,0,0,0,1,0,0,5.151862144470215,0,1
B36,mixamorig_RightUpLeg,0,-0.9517655372619629,0.2822471559047699,0.12032698094844818,0,-0.2901840806007385,-0.7006350755691528,-0.6518464684486389,0,-0.09967581927776337,-0.6553226113319397,0.7487438321113586,0,-17.911487579345703,-4.424811840057373,-0.029843999072909355,1
B37,mixamorig_RightLeg,36,0.7024644017219543,0.2443285435438156,-0.6684665083885193,0,-0.04862159863114357,-0.9205596446990967,-0.3875648081302643,0,-0.710056483745575,0.30475160479545593,-0.6347807049751282,0,0,28.661733627319336,0,1
B38,mixamorig_RightFoot,37,0.7858155965805054,-0.33267319202423096,-0.5213661193847656,0,-0.32948067784309387,-0.9386032819747925,0.1023031547665596,0,-0.5233895778656006,0.0913887694478035,-0.8471782207489014,0,0,26.521141052246094,0,1
B39,mixamorig_RightToeBase,38,0.7767500281333923,-0.44111400842666626,0.4495300054550171,0,-0.4752170145511627,0.057909999042749405,0.8779609799385071,0,-0.41331300139427185,-0.8955810070037842,-0.1646440029144287,0,0,12.433868408203125,0,1
B40,mixamorig_RightToe_End,39,1,0,0,0,0,1,0,0,0,0,1,0,0,5.0621209144592285,0,1
@34,0,1,2,3,4,5,7,8,9,10,11,12,13,15,16,17,19,20,21,22,23,24,25,27,28,29,31,32,33,34,36,37,38,39
K0.000,0.9691500067710876,0.24202999472618103,-0.046581998467445374,0,-0.2459080070257187,0.936722993850708,-0.24915599822998047,0,-0.016668999567627907,0.25292500853538513,0.9673420190811157,0,0.031676001846790314,21.21097755432129,2.814600944519043,1,0.9961540102958679,-0.05931000038981438,0.06449799984693527,0,0.05384700000286102,0.9950630068778992,0.08337199687957764,0,-0.0691239982843399,-0.07957900315523148,0.9944289922714233,0,0,7.964667797088623,-0.6217259764671326,1,0.9925810098648071,-0.09109099954366684,0.08053400367498398,0,0.06111200153827667,0.9463779926300049,0.3172290027141571,0,-0.1051120012998581,-0.3099539875984192,0.9449229836463928,0,0,9.32037353515625,0,1,0.9925810098648071,-0.09109099954366684,0.08053400367498398,0,0.06111200153827667,0.9463779926300049,0.3172290027141571,0,-0.1051120012998581,-0.3099530041217804,0.9449229836463928,0,0,10.65185832977295,0,1,0.9940320253372192,-0.06676699966192245,-0.08626499772071838,0,0.05905599892139435,0.9942759871482849,-0.0890360027551651,0,0.09171599894762039,0.08341000229120255,0.9922860264778137,0,0,11.983349800109863,0,1,0.9993370175361633,-0.028808999806642532,-0.022276999428868294,0,0.017920000478625298,0.9215329885482788,-0.38788700103759766,0,0.03170400112867355,0.3872300088405609,0.9214379787445068,0,0,10.677154541015625,1.385388970375061,1,0.21778999269008636,-0.05933099985122681,-0.9741910099983215,0,0.9219610095024109,-0.31500399112701416,0.22529900074005127,0,-0.3202419877052307,-0.9472339749336243,-0.013903999701142311,0,8.159377098083496,9.977126121520996,-0.14016500115394592,1,0.9445009827613831,0.2788130044937134,0.17372700572013855,0,-0.3212929964065552,0.6737849712371826,0.6654210090637207,0,0.06847400218248367,-0.6843079924583435,0.725970983505249,0,0,16.626705169677734,0,1,-0.04297700151801109,0.9944609999656677,0.09591999650001526,0,-0.9954259991645813,-0.050822000950574875,0.08090099692344666,0,0.08532799780368805,-0.09200499951839447,0.9920960068702698,0,0,21.426671981811523,0,1,0.22952799499034882,0.20340199768543243,-0.9518110156059265,0,0.5312240123748779,0.7932369709014893,0.29761800169944763,0,0.8155480027198792,-0.5739369988441467,0.07401800155639648,0,0,34.93510437011719,0,1,0.975941002368927,0.07602500170469284,-0.20435300469398499,0,-0.06967899948358536,0.9968420267105103,0.03808499872684479,0,0.20660300552845,-0.022929999977350235,0.9781559705734253,0,-5.531126976013184,3.141443967819214,0,1,0.9856100082397461,0.1664469987154007,0.029465999454259872,0,-0.1668809950351715,0.9858919978141785,0.012958000414073467,0,-0.02689399942755699,-0.017689000815153122,0.9994819760322571,0,-1.3220219612121582,4.914062023162842,0,1,0.977167010307312,0.20672400295734406,0.04908499866724014,0,-0.2063779979944229,0.9783980250358582,-0.012067999690771103,0,-0.05051900073885918,0.0016629999736323953,0.9987220168113708,0,0.19079099595546722,5.793838024139404,0,1,0.9959359765052795,-0.08568599820137024,-0.02775000035762787,0,0.08952800184488297,0.9754639863967896,0.20113599300384521,0,0.009833999909460545,-0.20280200242996216,0.979170024394989,0,0,8.865632057189941,0.0033370000310242176,1,0.9998829960823059,0.015057000331580639,0.0027290000580251217,0,-0.014743000268936157,0.9000729918479919,0.4354900121688843,0,0.004100999794900417,-0.435479998588562,0.9001889824867249,0,0.06197100132703781,8.261246681213379,0,1,0.9977189898490906,0.06749700009822845,0.0007750000222586095,0,-0.06749700009822845,0.9977189898490906,-0.000028000000384054147,0,-0.000775999971665442,-0.00002499999936844688,1,0,-0.18438300490379333,5.711742877960205,0,1,0.21359500288963318,0.05879100039601326,0.9751520156860352,0,-0.9238219857215881,-0.3124539852142334,0.22119000554084778,0,0.3176940083503723,-0.9481120109558105,-0.012426000088453293,0,-8.159377098083496,9.979677200317383,-0.17284800112247467,1,0.8476880192756653,-0.5221660137176514,0.0936330035328865,0,0.28496500849723816,0.5970770120620728,0.749862015247345,0,-0.44745901226997375,-0.6089680194854736,0.6549339890480042,0,0,16.626705169677734,0,1,0.6039469838142395,-0.7963680028915405,-0.03234599903225899,0,0.7960749864578247,0.6007500290870667,0.07323300093412399,0,-0.03888799995183945,-0.06997799873352051,0.9967899918556213,0,0,21.435754776000977,0,1,0.6611189842224121,-0.17025600373744965,0.7307080030441284,0,0.46191999316215515,0.8598170280456543,-0.21759000420570374,0,-0.5912290215492249,0.48138201236724854,0.6470860242843628,0,0,34.91385269165039,0,1,0.9119889736175537,-0.40180400013923645,0.08264300227165222,0,0.3043060004711151,0.7977629899978638,0.520550012588501,0,-0.27508899569511414,-0.44958698749542236,0.8498219847679138,0,4.671835899353027,3.4724159240722656,0.000003999999989900971,1,0.9678980112075806,0.248539999127388,-0.03743499889969826,0,-0.24830499291419983,0.968621015548706,0.010894999839365482,0,0.03896800056099892,-0.0012499999720603228,0.999239981174469,0,0.4199410080909729,4.637803077697754,0,1,0.8504359722137451,-0.5258439779281616,-0.015684999525547028,0,0.5258280038833618,0.8505730032920837,-0.00546099990606308,0,0.01621199958026409,-0.003602999961003661,0.999862015247345,0,1.337298035621643,6.01535701751709,0,1,0.9996939897537231,0.00903400033712387,0.023010000586509705,0,-0.02158699929714203,0.7725920081138611,0.6345360279083252,0,-0.012044999748468399,-0.6348379850387573,0.7725510001182556,0,0,8.569920539855957,0.09981100261211395,1,0.9991310238838196,-0.04085800051689148,-0.008227000012993813,0,0.041432999074459076,0.9523159861564636,0.3022870123386383,0,-0.004515999928116798,-0.3023650050163269,0.9531819820404053,0,-0.0016870000399649143,8.041950225830078,0,1,0.9999039769172668,0.013861999846994877,-0.0001539999939268455,0,-0.013861999846994877,0.9999039769172668,0,0,0.0001539999939268455,0,1,0,-0.031332001090049744,5.6025471687316895,0,1,-0.8891860246658325,0.310932993888855,0.33566001057624817,0,0.3747200071811676,0.07391700148582458,0.9241870045661926,0,0.2625490128993988,0.9475529789924622,-0.18223899602890015,0,17.911487579345703,-4.424811840057373,-0.35127899050712585,1,0.9980210065841675,0.008148999884724617,0.06234399974346161,0,0.043414998799562454,-0.8065450191497803,-0.5895770192146301,0,0.045478999614715576,0.5911170244216919,-0.8053029775619507,0,0,28.662208557128906,0,1,0.9620800018310547,0.23238399624824524,-0.14282600581645966,0,0.05025099962949753,0.3636550009250641,0.9301769733428955,0,0.26809799671173096,-0.9020820260047913,0.3381879925727844,0,0,26.506521224975586,0,1,0.8809210062026978,0.000307999987853691,-0.47326400876045227,0,0.3664819896221161,0.6322879791259766,0.6825709939002991,0,0.29944899678230286,-0.7747340202331543,0.5568820238113403,0,0,12.680264472961426,0,1,-0.9568830132484436,0.2680090069770813,0.11200399696826935,0,-0.2743299901485443,-0.7070710062980652,-0.6517620086669922,0,-0.09548400342464447,-0.6543869972229004,0.7501069903373718,0,-17.911487579345703,-4.424811840057373,-0.029843999072909355,1,0.7284650206565857,0.23410899937152863,-0.643841028213501,0,-0.04872699826955795,-0.9197139739990234,-0.3895519971847534,0,-0.6833480000495911,0.3151479959487915,-0.6585729718208313,0,0,28.661733627319336,0,1,0.8090909719467163,-0.314983993768692,-0.4961419999599457,0,-0.31725800037384033,-0.9447510242462158,0.08241699635982513,0,-0.49469101428985596,0.09072200208902359,-0.8643209934234619,0,0,26.521141052246094,0,1,0.7767500281333923,-0.4411129951477051,0.4495309889316559,0,-0.4752170145511627,0.057909999042749405,0.8779609799385071,0,-0.41331198811531067,-0.8955810070037842,-0.16464300453662872,0,0,12.433868408203125,0,1
K0.033,0.9692689776420593,0.24156400561332703,-0.04653099551796913,0,-0.2454259991645813,0.9365609884262085,-0.2502410113811493,0,-0.016870003193616867,0.25397101044654846,0.9670649766921997,0,0.035529039800167084,21.201435089111328,2.806205987930298,1,0.996150016784668,-0.05934299901127815,0.06452099978923798,0,0.05386500060558319,0.9950469732284546,0.08354999870061874,0,-0.06915900111198425,-0.07975299656391144,0.9944130182266235,0,0,7.964667797088623,-0.6217259764671326,1,0.992572009563446,-0.09114400297403336,0.08057799935340881,0,0.06111200153827667,0.9462649822235107,0.31756699085235596,0,-0.10519299656152725,-0.31028398871421814,0.9448059797286987,0,0,9.32037353515625,0,1,0.992572009563446,-0.09114400297403336,0.08057799935340881,0,0.06111200153827667,0.9462649822235107,0.31756699085235596,0,-0.10519299656152725,-0.31028398871421814,0.9448059797286987,0,0,10.65185832977295,0,1,0.994035005569458,-0.06681899726390839,-0.0861940011382103,0,0.05908200144767761,0.9942430257797241,-0.0893929973244667,0,0.09167099744081497,0.08376699686050415,0.9922599792480469,0,0,11.983349800109863,0,1,0.9993129968643188,-0.02974499948322773,-0.02210899442434311,0,0.018839001655578613,0.9214119911193848,-0.3881309926509857,0,0.03191599249839783,0.3874480128288269,0.9213389754295349,0,0,10.677154541015625,1.385388970375061,1,0.21779100596904755,-0.059331998229026794,-0.9741899967193604,0,0.9219610095024109,-0.31500399112701416,0.22529900074005127,0,-0.3202410042285919,-0.9472339749336243,-0.013903999701142311,0,8.159377098083496,9.977126121520996,-0.14016500115394592,1,0.9445030093193054,0.27757400274276733,0.17569100856781006,0,-0.32161200046539307,0.6723510026931763,0.6667159795761108,0,0.06693699210882187,-0.6862189769744873,0.7243080139160156,0,0,16.626705169677734,0,1,-0.042792994529008865,0.9944720268249512,0.09588199853897095,0,-0.9954349994659424,-0.050634995102882385,0.08089900016784668,0,0.08530700206756592,-0.09198299795389175,0.9921000003814697,0,0,21.426671981811523,0,1,0.22901900112628937,0.20312198996543884,-0.951994001865387,0,0.5324289798736572,0.7925869822502136,0.29719600081443787,0,0.8149049878120422,-0.5749319791793823,0.07337000966072083,0,0,34.93510437011719,0,1,0.975941002368927,0.07602500170469284,-0.20435300469398499,0,-0.06967899948358536,0.9968420267105103,0.03808499872684479,0,0.20660300552845,-0.022929999977350235,0.9781559705734253,0,-5.531126976013184,3.141443967819214,0,1,0.9856110215187073,0.1664399951696396,0.029464999213814735,0,-0.16687500476837158,0.9858930110931396,0.012962001375854015,0,-0.026892000809311867,-0.01769299991428852,0.9994819760322571,0,-1.3220219612121582,4.914062023162842,0,1,0.977167010307312,0.20672400295734406,0.04908499866724014,0,-0.2063779979944229,0.9783980250358582,-0.01206899993121624,0,-0.050519999116659164,0.0016629999736323953,0.9987220168113708,0,0.19079099595546722,5.793838024139404,0,1,0.995959997177124,-0.08525799959897995,-0.028201999142766,0,0.08921799808740616,0.9751790165901184,0.20264899730682373,0,0.01022499892860651,-0.20434600114822388,0.9788450002670288,0,0,8.865632057189941,0.0033370000310242176,1,0.9998829960823059,0.015056999400258064,0.002728999825194478,0,-0.014742999337613583,0.9000729918479919,0.43549099564552307,0,0.00410099932923913,-0.435479998588562,0.9001889824867249,0,0.06197100132703781,8.261246681213379,0,1,0.9977189898490906,0.06749700009822845,0.0007750000222586095,0,-0.06749700009822845,0.9977189898490906,-0.000028000000384054147,0,-0.000775999971665442,-0.000024000011762836948,1,0,-0.18438300490379333,5.711742877960205,0,1,0.21359500288963318,0.05879100039601326,0.9751520156860352,0,-0.9238219857215881,-0.31245601177215576,0.22119000554084778,0,0.3176960051059723,-0.9481109976768494,-0.01242700032889843,0,-8.159377098083496,9.979677200317383,-0.17284800112247467,1,0.8475630283355713,-0.5225149989128113,0.09281999617815018,0,0.2858389914035797,0.5968350172042847,0.7497220039367676,0,-0.4471389949321747,-0.608905017375946,0.6552109718322754,0,0,16.626705169677734,0,1,0.6047379970550537,-0.7957710027694702,-0.03227199986577034,0,0.7954779863357544,0.6015470027923584,0.0731860026717186,0,-0.038825999945402145,-0.06993000209331512,0.9967960119247437,0,0,21.435754776000977,0,1,0.6616979837417603,-0.1714010089635849,0.729915976524353,0,0.4624849855899811,0.8595560193061829,-0.21741800010204315,0,-0.5901380181312561,0.481440007686615,0.6480370163917542,0,0,34.91385269165039,0,1,0.9118450284004211,-0.40202900767326355,0.0831340104341507,0,0.3044610023498535,0.7980759739875793,0.5199790000915527,0,-0.275393009185791,-0.4488289952278137,0.8501240015029907,0,4.671835899353027,3.4724159240722656,0.000003999999989900971,1,0.967619001865387,0.24964900314807892,-0.03728099912405014,0,-0.24939699470996857,0.968334972858429,0.01134399976581335,0,0.03893199935555458,-0.0016789997462183237,0.999239981174469,0,0.4199410080909729,4.637803077697754,0,1,0.8504359722137451,-0.5258449912071228,-0.01568399928510189,0,0.525829017162323,0.8505730032920837,-0.00546099990606308,0,0.01621199958026409,-0.003602999961003661,0.999862015247345,0,1.337298035621643,6.01535701751709,0,1,0.9996880292892456,0.009135001339018345,0.023259002715349197,0,-0.021820001304149628,0.7727199792861938,0.6343719959259033,0,-0.012178000994026661,-0.634680986404419,0.772678017616272,0,0,8.569920539855957,0.09981100261211395,1,0.9991329908370972,-0.04081299901008606,-0.008213999681174755,0,0.041388001292943954,0.9524160027503967,0.30197998881340027,0,-0.004501999355852604,-0.30205801129341125,0.9532790184020996,0,-0.0016870000399649143,8.041950225830078,0,1,0.9999039769172668,0.013861999846994877,-0.0001539999939268455,0,-0.013861999846994877,0.9999039769172668,0,0,0.0001539999939268455,0,1,0,-0.031332001090049744,5.6025471687316895,0,1,-0.8891599774360657,0.3106839954853058,0.3359619975090027,0,0.37496599555015564,0.07385299354791641,0.9240919947624207,0,0.26228898763656616,0.9476400017738342,-0.18216300010681152,0,17.911487579345703,-4.424811840057373,-0.35127899050712585,1,0.9980180263519287,0.008093997836112976,0.06241200491786003,0,0.043393999338150024,-0.8067610263824463,-0.5892829895019531,0,0.04558100551366806,0.5908229947090149,-0.8055130243301392,0,0,28.662208557128906,0,1,0.9620580077171326,0.23269900679588318,-0.14246100187301636,0,0.049640994518995285,0.3641360104084015,0.9300220012664795,0,0.2682900130748749,-0.9018070101737976,0.33876898884773254,0,0,26.506521224975586,0,1,0.8809210062026978,0.000307999987853691,-0.47326400876045227,0,0.3664819896221161,0.6322879791259766,0.6825709939002991,0,0.29944899678230286,-0.7747330069541931,0.5568829774856567,0,0,12.680264472961426,0,1,-0.956637978553772,0.26862001419067383,0.11264100670814514,0,-0.275085985660553,-0.7060149908065796,-0.6525880098342896,0,-0.09577199816703796,-0.6552760004997253,0.7492939829826355,0,-17.911487579345703,-4.424811840057373,-0.029843999072909355,1,0.7267439961433411,0.2347950041294098,-0.6455349922180176,0,-0.04872500151395798,-0.9197800159454346,-0.3893980085849762,0,-0.6851789951324463,0.31444600224494934,-0.6570039987564087,0,0,28.661733627319336,0,1,0.8074650168418884,-0.3162800073623657,-0.497963011264801,0,-0.3182080090045929,-0.9443110227584839,0.08379201591014862,0,-0.49673303961753845,0.09079699963331223,-0.8631410002708435,0,0,26.521141052246094,0,1,0.7767500281333923,-0.4411129951477051,0.4495309889316559,0,-0.4752179980278015,0.057909999042749405,0.8779600262641907,0,-0.41331198811531067,-0.8955810070037842,-0.16464300453662872,0,0,12.433868408203125,0,1
K0.067,0.9693250060081482,0.24137400090694427,-0.04634200409054756,0,-0.24517999589443207,0.9364029765129089,-0.25106900930404663,0,-0.01720699667930603,0.2547299861907959,0.966858983039856,0,0.03958496078848839,21.20136833190918,2.801582098007202,1,0.9961469769477844,-0.059369999915361404,0.06453900039196014,0,0.053881000727415085,0.9950330257415771,0.08370299637317657,0,-0.06918799877166748,-0.0799029991030693,0.9943990111351013,0,0,7.964667797088623,-0.6217259764671326,1,0.9925699830055237,-0.09115400165319443,0.08059900254011154,0,0.06108200177550316,0.9461680054664612,0.3178589940071106,0,-0.10523399710655212,-0.3105739951133728,0.9447060227394104,0,0,9.32037353515625,0,1,0.9925699830055237,-0.09115400165319443,0.08059900254011154,0,0.06108200177550316,0.9461680054664612,0.3178589940071106,0,-0.10523399710655212,-0.3105739951133728,0.9447060227394104,0,0,10.65185832977295,0,1,0.9940360188484192,-0.06684300303459167,-0.08615999668836594,0,0.05909299850463867,0.9942269921302795,-0.08955799788236618,0,0.09164900332689285,0.08393300324678421,0.992247998714447,0,0,11.983349800109863,0,1,0.9993259906768799,-0.029757000505924225,-0.02147800475358963,0,0.019089998677372932,0.9213520288467407,-0.38826000690460205,0,0.03134200721979141,0.3875890076160431,0.9212989807128906,0,0,10.677154541015625,1.385388970375061,1,0.21779100596904755,-0.05933099985122681,-0.9741899967193604,0,0.9219610095024109,-0.31500399112701416,0.22529900074005127,0,-0.3202419877052307,-0.9472339749336243,-0.013903999701142311,0,8.159377098083496,9.977126121520996,-0.14016500115394592,1,0.9442999958992004,0.2774769961833954,0.1769309788942337,0,-0.3223609924316406,0.6717929840087891,0.666916012763977,0,0.06619200855493546,-0.686805009841919,0.7238219976425171,0,0,16.626705169677734,0,1,-0.0423630028963089,0.9944959878921509,0.09583400189876556,0,-0.9954569935798645,-0.05020000413060188,0.08089999854564667,0,0.08526600152254105,-0.0919710025191307,0.9921039938926697,0,0,21.426671981811523,0,1,0.2291640043258667,0.20154501497745514,-0.9522939920425415,0,0.5333979725837708,0.7923619747161865,0.29605600237846375,0,0.8142300248146057,-0.5757970213890076,0.07407699525356293,0,0,34.93510437011719,0,1,0.975941002368927,0.07602500170469284,-0.20435300469398499,0,-0.06967800110578537,0.9968420267105103,0.03808499872684479,0,0.20660300552845,-0.022928999736905098,0.9781559705734253,0,-5.531126976013184,3.141443967819214,0,1,0.9856330156326294,0.16631199419498444,0.02945300005376339,0,-0.1667490005493164,0.9859129786491394,0.013035998679697514,0,-0.02686999924480915,-0.01775900088250637,0.9994810223579407,0,-1.3220219612121582,4.914062023162842,0,1,0.977167010307312,0.20672300457954407,0.04908499866724014,0,-0.2063779979944229,0.9783980250358582,-0.01206899993121624,0,-0.050519999116659164,0.0016629999736323953,0.9987220168113708,0,0.19079099595546722,5.793838024139404,0,1,0.9959689974784851,-0.08518300205469131,-0.028111999854445457,0,0.08913300186395645,0.9750400185585022,0.20335499942302704,0,0.010088001377880573,-0.20504100620746613,0.9787009954452515,0,0,8.865632057189941,0.0033370000310242176,1,0.9998840093612671,0.014978000894188881,0.0027160001918673515,0,-0.01466900110244751,0.9003229737281799,0.4349760115146637,0,0.004070000257343054,-0.43496501445770264,0.9004380106925964,0,0.06197100132703781,8.261246681213379,0,1,0.9977189898490906,0.06749799847602844,0.0007750000222586095,0,-0.06749799847602844,0.9977189898490906,-0.000028000000384054147,0,-0.000775999971665442,-0.00002499999027349986,1,0,-0.18438300490379333,5.711742877960205,0,1,0.21359500288963318,0.05879100039601326,0.9751520156860352,0,-0.9238219857215881,-0.3124549984931946,0.2211890071630478,0,0.3176949918270111,-0.9481120109558105,-0.01242700032889843,0,-8.159377098083496,9.979677200317383,-0.17284800112247467,1,0.8474100232124329,-0.5228930115699768,0.09208300709724426,0,0.2867009937763214,0.5966330170631409,0.7495539784431458,0,-0.44687700271606445,-0.6087790131568909,0.6555070281028748,0,0,16.626705169677734,0,1,0.6057500243186951,-0.7950040102005005,-0.03218099847435951,0,0.7947109937667847,0.6025670170783997,0.07312799990177155,0,-0.038745999336242676,-0.06987199932336807,0.9968029856681824,0,0,21.435754776000977,0,1,0.6617159843444824,-0.17271599173545837,0.7295899987220764,0,0.46326300501823425,0.8593080043792725,-0.21674199402332306,0,-0.5895079970359802,0.48141300678253174,0.6486309766769409,0,0,34.91385269165039,0,1,0.9115800261497498,-0.40253400802612305,0.08359799534082413,0,0.30491799116134644,0.7983599901199341,0.5192739963531494,0,-0.2757669985294342,-0.4478690028190613,0.850508987903595,0,4.671835899353027,3.4724159240722656,0.000003999999989900971,1,0.9676330089569092,0.24959200620651245,-0.03728900104761124,0,-0.2493399977684021,0.9683499932289124,0.011320999823510647,0,0.038933999836444855,-0.0016570002771914005,0.999239981174469,0,0.4199410080909729,4.637803077697754,0,1,0.8504359722137451,-0.5258449912071228,-0.015684999525547028,0,0.525829017162323,0.8505730032920837,-0.00546099990606308,0,0.01621199958026409,-0.003602999961003661,0.999862015247345,0,1.337298035621643,6.01535701751709,0,1,0.9996820092201233,0.009224998764693737,0.023474998772144318,0,-0.02202499844133854,0.7728310227394104,0.6342300176620483,0,-0.012290999293327332,-0.6345450282096863,0.7727879881858826,0,0,8.569920539855957,0.09981100261211395,1,0.9991359710693359,-0.040734998881816864,-0.008190999738872051,0,0.04130899906158447,0.9525870084762573,0.3014490008354187,0,-0.004477000329643488,-0.3015269935131073,0.9534469842910767,0,-0.0016870000399649143,8.041950225830078,0,1,0.9999039769172668,0.01386099960654974,-0.0001539999939268455,0,-0.01386099960654974,0.9999039769172668,0,0,0.0001539999939268455,0,1,0,-0.031332001090049744,5.6025471687316895,0,1,-0.8892049789428711,0.3103469908237457,0.3361540138721466,0,0.37492799758911133,0.07323601096868515,0.9241570234298706,0,0.2621909976005554,0.9477980136871338,-0.18148000538349152,0,17.911487579345703,-4.424811840057373,-0.35127899050712585,1,0.9980049729347229,0.007915002293884754,0.0626399964094162,0,0.04337700083851814,-0.8068529963493347,-0.589156985282898,0,0.04587799683213234,0.5906990170478821,-0.8055869936943054,0,0,28.662208557128906,0,1,0.9621440172195435,0.232681006193161,-0.14191000163555145,0,0.04915600270032883,0.3639979958534241,0.9301019906997681,0,0.2680720090866089,-0.9018669724464417,0.3387809991836548,0,0,26.506521224975586,0,1,0.8809210062026978,0.000307999987853691,-0.47326400876045227,0,0.3664819896221161,0.6322879791259766,0.6825709939002991,0,0.29944899678230286,-0.7747330069541931,0.5568829774856567,0,0,12.680264472961426,0,1,-0.9562820196151733,0.2694920003414154,0.11357099562883377,0,-0.2762959897518158,-0.7052950263023376,-0.6528549790382385,0,-0.09583800286054611,-0.655692994594574,0.7489200234413147,0,-17.911487579345703,-4.424811840057373,-0.029843999072909355,1,0.7251759767532349,0.23541299998760223,-0.6470699906349182,0,-0.04870399832725525,-0.9198489785194397,-0.3892369866371155,0,-0.6868389844894409,0.3137800097465515,-0.6555870175361633,0,0,28.661733627319336,0,1,0.8060950040817261,-0.31753799319267273,-0.4993799924850464,0,-0.3189460039138794,-0.9439210295677185,0.08536498248577118,0,-0.49848195910453796,0.09046199917793274,-0.8621670007705688,0,0,26.521141052246094,0,1,0.7767500281333923,-0.4411129951477051,0.4495309889316559,0,-0.4752179980278015,0.057909999042749405,0.8779600262641907,0,-0.41331198811531067,-0.8955810070037842,-0.16464300453662872,0,0,12.433868408203125,0,1
K0.100,0.9693809747695923,0.24120500683784485,-0.04604800045490265,0,-0.24493399262428284,0.9363549947738647,-0.25148800015449524,0,-0.017542999237775803,0.25506699085235596,0.966763973236084,0,0.04427900165319443,21.200990676879883,2.798891067504883,1,0.996150016784668,-0.05936200171709061,0.06450600177049637,0,0.05386799946427345,0.9950249791145325,0.08380600064992905,0,-0.06915999948978424,-0.08000800013542175,0.9943919777870178,0,0,7.964667797088623,-0.6217259764671326,1,0.9925839900970459,-0.09107799828052521,0.08050700277090073,0,0.0610169991850853,0.9461079835891724,0.3180519938468933,0,-0.10513599961996078,-0.31078100204467773,0.9446489810943604,0,0,9.32037353515625,0,1,0.9925839900970459,-0.09107799828052521,0.08050700277090073,0,0.0610169991850853,0.9461079835891724,0.3180519938468933,0,-0.10513599961996078,-0.31078100204467773,0.9446489810943604,0,0,10.65185832977295,0,1,0.9940170049667358,-0.06702200323343277,-0.08624199777841568,0,0.059255000203847885,0.9942070245742798,-0.08967100083827972,0,0.09175299853086472,0.08402399718761444,0.992231011390686,0,0,11.983349800109863,0,1,0.9993360042572021,-0.029819000512361526,-0.020927000790834427,0,0.019346000626683235,0.9211450219154358,-0.3887369930744171,0,0.030868999660015106,0.38807401061058044,0.921110987663269,0,0,10.677154541015625,1.385388970375061,1,0.21779100596904755,-0.059331998229026794,-0.9741899967193604,0,0.9219610095024109,-0.31500399112701416,0.22529900074005127,0,-0.3202410042285919,-0.9472339749336243,-0.013903000392019749,0,8.159377098083496,9.977126121520996,-0.14016500115394592,1,0.9440799951553345,0.27741900086402893,0.17819100618362427,0,-0.32312801480293274,0.6709520220756531,0.6673920154571533,0,0.06559000164270401,-0.6876500248908997,0.7230740189552307,0,0,16.626705169677734,0,1,-0.041710998862981796,0.9945300221443176,0.09576299786567688,0,-0.9954900145530701,-0.04954199865460396,0.08090399950742722,0,0.08520600199699402,-0.0919559970498085,0.9921110272407532,0,0,21.426671981811523,0,1,0.22933200001716614,0.19981500506401062,-0.9526180028915405,0,0.5331190228462219,0.7930589914321899,0.29469001293182373,0,0.814365029335022,-0.5754410028457642,0.07534799724817276,0,0,34.93510437011719,0,1,0.9759420156478882,0.0757019966840744,-0.20446600019931793,0,-0.0693420022726059,0.9968649744987488,0.03810099884867668,0,0.20670999586582184,-0.023005999624729156,0.9781320095062256,0,-5.531126976013184,3.141443967819214,0,1,0.9855930209159851,0.16654300689697266,0.029475999996066093,0,-0.16697700321674347,0.9858760237693787,0.012903000228106976,0,-0.026910999789834023,-0.017638999968767166,0.9994819760322571,0,-1.3220219612121582,4.914062023162842,0,1,0.977167010307312,0.20672300457954407,0.04908499866724014,0,-0.20637699961662292,0.9783980250358582,-0.01206899993121624,0,-0.050519999116659164,0.0016629999736323953,0.9987220168113708,0,0.19079099595546722,5.793838024139404,0,1,0.9959729909896851,-0.08518099784851074,-0.02796499989926815,0,0.08910199999809265,0.9750080108642578,0.20351800322532654,0,0.009929999709129333,-0.2051900029182434,0.9786720275878906,0,0,8.865632057189941,0.0033370000310242176,1,0.9998850226402283,0.014901000075042248,0.002704000100493431,0,-0.01459600031375885,0.9005680084228516,0.434469997882843,0,0.004038999788463116,-0.43445900082588196,0.9006819725036621,0,0.06197100132703781,8.261246681213379,0,1,0.9977189898490906,0.06749700009822845,0.0007750000222586095,0,-0.06749700009822845,0.9977189898490906,-0.000028000000384054147,0,-0.0007750000222586095,-0.00002499999936844688,1,0,-0.18438300490379333,5.711742877960205,0,1,0.21359500288963318,0.05879100039601326,0.9751520156860352,0,-0.9238219857215881,-0.31245601177215576,0.22119000554084778,0,0.3176960051059723,-0.9481109976768494,-0.012426000088453293,0,-8.159377098083496,9.979677200317383,-0.17284800112247467,1,0.8472430109977722,-0.523235023021698,0.09167400002479553,0,0.28726398944854736,0.5964620113372803,0.7494739890098572,0,-0.44683098793029785,-0.6086530089378357,0.655655026435852,0,0,16.626705169677734,0,1,0.606548011302948,-0.7943980097770691,-0.03210499882698059,0,0.7941049933433533,0.6033710241317749,0.07308200001716614,0,-0.03868500143289566,-0.0698229968547821,0.9968090057373047,0,0,21.435754776000977,0,1,0.6620720028877258,-0.17365199327468872,0.7290440201759338,0,0.4638110101222992,0.8590520024299622,-0.21658499538898468,0,-0.5886759757995605,0.4815340042114258,0.6492959856987,0,0,34.91385269165039,0,1,0.9114019870758057,-0.40285301208496094,0.0840039998292923,0,0.30518800020217896,0.7986130118370056,0.5187270045280457,0,-0.27605700492858887,-0.4471310079097748,0.850803017616272,0,4.671835899353027,3.4724159240722656,0.000003999999989900971,1,0.9675940275192261,0.24974699318408966,-0.03726699948310852,0,-0.24949300289154053,0.9683099985122681,0.011382999829947948,0,0.03892900049686432,-0.0017170000355690718,0.999239981174469,0,0.4199410080909729,4.637803077697754,0,1,0.8504359722137451,-0.5258449912071228,-0.01568399928510189,0,0.525829017162323,0.8505730032920837,-0.00546099990606308,0,0.01621199958026409,-0.003602999961003661,0.999862015247345,0,1.337298035621643,6.01535701751709,0,1,0.9996849894523621,0.009139000438153744,0.023360000923275948,0,-0.02188899926841259,0.7726449966430664,0.634460985660553,0,-0.012249999679625034,-0.6347730159759521,0.7726020216941833,0,0,8.569920539855957,0.09981100261211395,1,0.9991390109062195,-0.04067999869585037,-0.008174999617040157,0,0.04125300049781799,0.9527090191841125,0.3010709881782532,0,-0.004459000192582607,-0.30114901065826416,0.9535670280456543,0,-0.0016870000399649143,8.041950225830078,0,1,0.9999039769172668,0.013861999846994877,-0.0001539999939268455,0,-0.013861999846994877,0.9999039769172668,0,0,0.0001539999939268455,0,1,0,-0.031332001090049744,5.6025471687316895,0,1,-0.8892040252685547,0.3101699948310852,0.33632001280784607,0,0.37498900294303894,0.07295999675989151,0.9241539835929871,0,0.2621070146560669,0.9478769898414612,-0.1811860054731369,0,17.911487579345703,-4.424811840057373,-0.35127899050712585,1,0.9979879856109619,0.007681000046432018,0.06294000148773193,0,0.04335600137710571,-0.806984007358551,-0.5889790058135986,0,0.04626699909567833,0.5905230045318604,-0.8056939840316772,0,0,28.662208557128906,0,1,0.9622370004653931,0.2327059954404831,-0.1412390023469925,0,0.048569999635219574,0.3637549877166748,0.9302269816398621,0,0.2678459882736206,-0.9019590020179749,0.3387160003185272,0,0,26.506521224975586,0,1,0.8809210062026978,0.000307999987853691,-0.47326400876045227,0,0.3664819896221161,0.6322879791259766,0.6825709939002991,0,0.29944899678230286,-0.7747330069541931,0.5568829774856567,0,0,12.680264472961426,0,1,-0.9557560086250305,0.27087101340293884,0.11471699923276901,0,-0.2780520021915436,-0.704596996307373,-0.6528630256652832,0,-0.09601200371980667,-0.655875027179718,0.7487390041351318,0,-17.911487579345703,-4.424811840057373,-0.029843999072909355,1,0.722756028175354,0.2363779991865158,-0.6494230031967163,0,-0.04867900162935257,-0.9199429750442505,-0.3890179991722107,0,-0.6893870234489441,0.3127779960632324,-0.6533880233764648,0,0,28.661733627319336,0,1,0.8039669990539551,-0.319335013628006,-0.5016589760780334,0,-0.3200939893722534,-0.943336009979248,0.08750099688768387,0,-0.5011749863624573,0.09023000299930573,-0.8606290221214294,0,0,26.521141052246094,0,1,0.7767500281333923,-0.4411129951477051,0.4495309889316559,0,-0.4752179980278015,0.057909999042749405,0.8779609799385071,0,-0.41331198811531067,-0.8955810070037842,-0.16464300453662872,0,0,12.433868408203125,0,1
