1.033,30,30,41
B0,mixamorig_Hips,-1,0.47930586338043213,-0.15951110422611237,0.8629106283187866,0,-0.09051867574453354,0.9690335988998413,0.2294447422027588,0,-0.8728868365287781,-0.18801456689834595,0.45013687014579773,0,-0.9829198122024536,40.022281646728516,1.2747917175292969,1
B1,mixamorig_Spine,0,0.9981309771537781,0.05634123459458351,-0.018210913985967636,0,-0.05632801353931427,0.9983972907066345,0.000725664955098182,0,0.0182211771607399,0.0002258199965581298,0.9997334480285645,0,0,10.15488052368164,-0.29943200945854187,1
B2,mixamorig_Spine1,1,0.9934288859367371,0.0803261399269104,-0.0741833820939064,0,-0.07326492667198181,0.9928703308105469,0.09294155240058899,0,0.08113377541303635,-0.08734464645385742,0.9923896789550781,0,0,11.852499961853027,0,1
B3,mixamorig_Spine2,2,0.9936472177505493,0.07378467172384262,-0.07780785113573074,0,-0.06626664102077484,0.9931634664535522,0.09476914256811142,0,0.08428984135389328,-0.08951126039028168,0.9919482469558716,0,0,13.54572582244873,0,1
B4,mixamorig_Neck,3,0.9973740577697754,-0.0010556952329352498,-0.07230016589164734,0,0.015840724110603333,0.9787929654121399,0.20419515669345856,0,0.07055976241827011,-0.20480120182037354,0.9762534499168396,0,0,15.238935470581055,0,1
B5,mixamorig_Head,4,0.8055952191352844,-0.48641812801361084,-0.33774006366729736,0,0.35378316044807434,0.8524487018585205,-0.3840935230255127,0,0.4746014475822449,0.19008193910121918,0.8592339158058167,0,0,6.069733142852783,0.0718419998884201,1
B6,mixamorig_HeadTop_End,5,1,0,0,0,0,1,0,0,0,0,1,0,0,77.56666564941406,0.9180859923362732,1
B7,mixamorig_LeftShoulder,3,0.22348248958587646,0.027298761531710625,-0.9737347364425659,0,0.9729020595550537,-0.025768999010324478,0.22294124960899353,0,-0.01909787952899933,-0.9983029365539551,-0.030854027718305588,0,12.931761741638184,13.36662483215332,-0.024089999496936798,1
B8,mixamorig_LeftArm,7,0.8406976461410522,-0.24167482554912567,0.4750162363052368,0,0.2746647894382477,0.9586895108222961,-0.005086231976747513,0,-0.45487403869628906,0.13029517233371735,0.8767601847648621,0,0,26.221097946166992,0,1
B9,mixamorig_LeftForeArm,8,0.05724714696407318,0.17286033928394318,0.9826592803001404,0,-0.9717460870742798,0.12577390670776367,0.03448592126369476,0,-0.11738738417625427,-0.9568696618080139,0.1820523887872696,0,0,16.07257843017578,0,1
B10,mixamorig_LeftHand,9,0.012778186239302158,-0.003237813711166382,-0.9994738101959229,0,-0.03416401892900467,0.9991990923881531,-0.004232988227158785,0,0.9987239241600037,0.03438771143555641,0.012531752698123455,0,0,23.019641876220703,0,1
B11,mixamorig_LeftHandThumb1,10,0.7685210108757019,0.6370390057563782,-0.05963300168514252,0,-0.4530560076236725,0.6076290011405945,0.6523247361183167,0,0.451790988445282,-0.4743080139160156,0.75559002161026,0,-5.102105140686035,5.694654941558838,9.999999974752427e-7,1
B12,mixamorig_LeftHandThumb2,11,0.38839900493621826,-0.5987759828567505,-0.7004382610321045,0,0.7991899847984314,-0.1595200002193451,0.5795247554779053,0,-0.4587390124797821,-0.7848700284957886,0.4165779948234558,0,-0.2425439953804016,6.111946105957031,0,1
B13,mixamorig_LeftHandThumb3,12,0.9523109793663025,-0.30454200506210327,0.018929999321699142,0,0.24377700686454773,0.7966740131378174,0.5530679821968079,0,-0.18351374566555023,-0.5220770239830017,0.832921028137207,0,-0.6389309763908386,6.818601131439209,0,1
B14,mixamorig_LeftHandThumb4,13,1,0,0,0,0,1,0,0,0,0,1,0,0.8814749717712402,4.155628204345703,0,1
B15,mixamorig_LeftHandIndex1,10,0.9425020217895508,0.24226200580596924,0.23021399974822998,0,-0.18881699442863464,-0.18236500024795532,0.9649310111999512,0,0.27574899792671204,-0.9529179930686951,-0.12613600492477417,0,0,12.069541931152344,0.2830030024051666,1
B16,mixamorig_LeftHandIndex2,15,0.9427530169487,0.26757800579071045,0.19904600083827972,0,-0.20389699935913086,-0.009828999638557434,0.9789429903030396,0,0.2639000117778778,-0.9634860157966614,0.045292001217603683,0,-0.2065349966287613,9.248311042785645,0,1
B17,mixamorig_LeftHandIndex3,16,0.9493129849433899,0.2778339982032776,0.1470160037279129,0,-0.30098775029182434,0.6686199903488159,0.6799659729003906,0,0.09061975032091141,-0.6897500157356262,0.7183539867401123,0,-0.2367130070924759,5.1582818031311035,0,1
B18,mixamorig_LeftHandIndex4,17,1,0,0,0,0,1,0,0,0,0,1,0,0.4432480037212372,4.540596961975098,0,1
B19,mixamorig_RightShoulder,3,0.25049513578414917,-0.02060568332672119,0.9677888751029968,0,-0.9556455612182617,-0.164290189743042,0.243885338306427,0,0.15398404002189636,-0.9861618876457214,-0.06072927266359329,0,-12.931761741638184,13.368457794189453,-0.08627299964427948,1
B20,mixamorig_RightArm,19,0.5799312591552734,-0.5628594160079956,-0.5883452296257019,0,0.8143821954727173,0.41866523027420044,0.40103551745414734,0,0.020678773522377014,-0.7117227911949158,0.7011731266975403,0,0,26.221097946166992,0,1
B21,mixamorig_RightForeArm,20,0.004161919467151165,-0.13301123678684235,-0.991101861000061,0,0.9764766693115234,-0.21208956837654114,0.032563842833042145,0,-0.21453577280044556,-0.9679230451583862,0.12906116247177124,0,0,16.070491790771484,0,1
B22,mixamorig_RightHand,21,-0.10784801095724106,0.06820044666528702,0.9918149709701538,0,0.13148270547389984,0.9898529648780823,-0.05375295132398605,0,-0.9854183197021484,0.12461573630571365,-0.1157168596982956,0,0,23.006677627563477,0,1
B23,mixamorig_RightHandThumb1,22,0.9090949892997742,-0.4154129922389984,-0.031279001384973526,0,0.3140990138053894,0.634181022644043,0.7065100073814392,0,-0.2736569941043854,-0.6521090269088745,0.7070119976997375,0,4.856080055236816,5.508211135864258,0.000003000000106112566,1
B24,mixamorig_RightHandThumb2,23,0.29373899102211,0.9284629821777344,0.22732000052928925,0,-0.9198489785194397,0.2098730057477951,0.3314090073108673,0,0.25999200344085693,-0.3064480125904083,0.9156929850578308,0,0.11964300274848938,5.873307228088379,0,1
B25,mixamorig_RightHandThumb3,24,0.9508630037307739,0.3092452585697174,-0.015056000091135502,0,-0.30199000239372253,0.937080979347229,0.17516100406646729,0,0.06827700138092041,-0.16200700402259827,0.9844250082969666,0,0.5851889848709106,6.872167110443115,0,1
B26,mixamorig_RightHandThumb4,25,1,0,0,0,0,1,0,0,0,0,1,0,-0.7048320174217224,4.946209907531738,0,1
B27,mixamorig_RightHandIndex1,22,0.9397720098495483,-0.24279899895191193,-0.24057500064373016,0,0.23209300637245178,-0.06340300291776657,0.9706249833106995,0,-0.25091999769210815,-0.9680020213127136,-0.0032319999299943447,0,0,11.272738456726074,0.16046999394893646,1
B28,mixamorig_RightHandIndex2,27,0.9441959857940674,-0.247530996799469,-0.21730899810791016,0,0.1529269963502884,-0.2548939883708954,0.954800009727478,0,-0.2917329967021942,-0.9347500205039978,-0.20281599462032318,0,-0.01638299971818924,8.495157241821289,0,1
B29,mixamorig_RightHandIndex3,28,0.9221829771995544,-0.3349800109863281,-0.19330699741840363,0,0.35698801279067993,0.544966995716095,0.7586629986763,0,-0.14879100024700165,-0.7686349749565125,0.6221429705619812,0,0.6223239898681641,6.868310928344727,0,1
B30,mixamorig_RightHandIndex4,29,1,0,0,0,0,1,0,0,0,0,1,0,-0.6059409976005554,4.887612819671631,0,1
B31,mixamorig_LeftUpLeg,0,-0.5024205446243286,-0.7278384566307068,0.46626657247543335,0,0.8591287732124329,-0.3609846234321594,0.3621814250946045,0,-0.09517615288496017,0.5828085541725159,0.8069760799407959,0,15.206181526184082,-5.639214038848877,0.4854309856891632,1
B32,mixamorig_LeftLeg,31,0.971137523651123,-0.23611842095851898,0.03133239597082138,0,0.018008530139923096,-0.05813862383365631,-0.9981356859207153,0,0.237498939037323,0.9698916673660278,-0.05221334472298622,0,0,25.565828323364258,0,1
B33,mixamorig_LeftFoot,32,0.7607602477073669,-0.6126842498779297,-0.2141503095626831,0,0.1736546754837036,-0.12576113641262054,0.9766933917999268,0,-0.6253308653831482,-0.7802238464355469,0.010719507932662964,0,0,19.34305763244629,0,1
B34,mixamorig_LeftToeBase,33,0.9999420046806335,1.306168923020934e-10,-0.010773999616503716,0,0.008108999580144882,0.6584532260894775,0.7525777816772461,0,0.007093999534845352,-0.7526217699050903,0.6584152579307556,0,0,12.453317642211914,9.999999974752427e-7,1
B35,mixamorig_LeftToe_End,34,1,0,0,0,0,1,0,0,0,0,1,0,0,5.1457061767578125,0,1
B36,mixamorig_RightUpLeg,0,-0.9508565664291382,0.22971853613853455,-0.20677347481250763,0,-0.2641628384590149,-0.25757458806037903,0.9293645620346069,0,0.16028036177158356,0.9383242726325989,0.3057631552219391,0,-15.206181526184082,-5.639214038848877,-0.017153000459074974,1
B37,mixamorig_RightLeg,36,0.9705641269683838,0.23289108276367188,0.06126149371266365,0,0.008654341101646423,0.22061559557914734,-0.9752317070960999,0,-0.2406732589006424,0.9470516443252563,0.21211238205432892,0,0,25.640430450439453,0,1
B38,mixamorig_RightFoot,37,0.8479971885681152,0.17332163453102112,0.5008047819137573,0,-0.5269695520401001,0.3744274973869324,0.7628256678581238,0,-0.05535653233528137,-0.9108403921127319,0.4088047444820404,0,0,19.428544998168945,0,1
B39,mixamorig_RightToeBase,38,0.9999499917030334,0,0.009971000254154205,0,-0.007348999846726656,0.6758784651756287,0.7369762659072876,0,-0.006739746313542128,-0.7370132803916931,0.6758447289466858,0,0,12.713443756103516,0,1
B40,mixamorig_RightToe_End,39,1,0,0,0,0,1,0,0,0,0,1,0,0,5.145572185516357,0,1
@34,0,1,2,3,4,5,7,8,9,10,11,12,13,15,16,17,19,20,21,22,23,24,25,27,28,29,31,32,33,34,36,37,38,39
K0.000,0.8396409749984741,-0.08023200184106827,0.5371829867362976,0,0.01880900003015995,0.992730975151062,0.11887200176715851,0,-0.5428159832954407,-0.08970600366592407,0.8350470066070557,0,-1.7114089727401733,49.24440002441406,1.653439998626709,1,0.9977419972419739,0.05315599963068962,-0.041051000356674194,0,-0.05325600132346153,0.9985799789428711,-0.0013439999893307686,0,0.04092099890112877,0.003527000080794096,0.9991559982299805,0,0,10.15488052368164,-0.29943200945854187,1,0.9941390156745911,0.0521089993417263,-0.09471800178289413,0,-0.045538000762462616,0.9964879751205444,0.07026699930429459,0,0.09804700314998627,-0.06554199755191803,0.9930210113525391,0,0,11.852499961853027,0,1,0.9942020177841187,0.0482730008661747,-0.09608300030231476,0,-0.04154599830508232,0.9966229796409607,0.07083100080490112,0,0.0991780012845993,-0.06642899662256241,0.9928500056266785,0,0,13.54572582244873,0,1,0.9981430172920227,0.0036230001132935286,-0.06081400066614151,0,0.007720999885350466,0.9826589822769165,0.18526199460029602,0,0.060430001467466354,-0.1853879988193512,0.9808059930801392,0,0,15.238935470581055,0,1,0.9080880284309387,-0.2218489944934845,-0.3551900088787079,0,0.1550150066614151,0.9659770131111145,-0.20702600479125977,0,0.3890340030193329,0.13293799757957458,0.9115809798240662,0,0,6.069733142852783,0.0718419998884201,1,0.3223629891872406,0.025428999215364456,-0.9462739825248718,0,0.9362480044364929,-0.1561100035905838,0.314752995967865,0,-0.13971899449825287,-0.9874119758605957,-0.07413200289011002,0,12.931761741638184,13.36662483215332,-0.024089999496936798,1,0.38700899481773376,-0.10227599740028381,0.9163860082626343,0,-0.14878299832344055,0.9738799929618835,0.17152699828147888,0,-0.9099929928779602,-0.20272499322891235,0.3616830110549927,0,0,26.221097946166992,0,1,-0.09605199843645096,0.12013900279998779,0.988099992275238,0,-0.6753649711608887,-0.737093985080719,0.023969000205397606,0,0.7312020063400269,-0.665024995803833,0.15193699300289154,0,0,16.07257843017578,0,1,0.5419880151748657,-0.19995999336242676,-0.8162500262260437,0,0.16142399609088898,0.9779649972915649,-0.13239100575447083,0,0.824737012386322,-0.06000800058245659,0.5623239874839783,0,0,23.019641876220703,0,1,0.7685210108757019,0.6370390057563782,-0.05963300168514252,0,-0.4530560076236725,0.6076290011405945,0.6523240208625793,0,0.451790988445282,-0.4743080139160156,0.75559002161026,0,-5.102105140686035,5.694654941558838,0,1,0.38839900493621826,-0.5987759828567505,-0.7004380226135254,0,0.7991899847984314,-0.1595200002193451,0.5795249938964844,0,-0.4587390124797821,-0.7848700284957886,0.4165779948234558,0,-0.2425439953804016,6.111946105957031,0,1,0.9523109793663025,-0.30454298853874207,0.018929999321699142,0,0.24377700686454773,0.7966729998588562,0.5530679821968079,0,-0.18351399898529053,-0.5220779776573181,0.832921028137207,0,-0.6389309763908386,6.818601131439209,0,1,0.9425020217895508,0.24226200580596924,0.23021399974822998,0,-0.18881699442863464,-0.18236500024795532,0.9649310111999512,0,0.27574899792671204,-0.9529179930686951,-0.12613600492477417,0,0,12.069541931152344,0.2830030024051666,1,0.9427530169487,0.26757699251174927,0.19904600083827972,0,-0.20389699935913086,-0.009828999638557434,0.9789429903030396,0,0.2639000117778778,-0.9634860157966614,0.045292001217603683,0,-0.2065349966287613,9.248311042785645,0,1,0.9493129849433899,0.2778339982032776,0.1470160037279129,0,-0.30098700523376465,0.6686199903488159,0.6799659729003906,0,0.0906200036406517,-0.6897500157356262,0.7183539867401123,0,-0.2367130070924759,5.1582818031311035,0,1,0.2879970073699951,-0.024450000375509262,0.9573190212249756,0,-0.9481989741325378,-0.14724299311637878,0.28149300813674927,0,0.13407599925994873,-0.9887980222702026,-0.06559000164270401,0,-12.931761741638184,13.368457794189453,-0.08627299964427948,1,0.6495450139045715,-0.3455030024051666,-0.6772879958152771,0,0.7416790127754211,0.48398199677467346,0.4644069969654083,0,0.16734099388122559,-0.8039829730987549,0.5706200003623962,0,0,26.221097946166992,0,1,-0.018397999927401543,-0.12604500353336334,-0.9918540120124817,0,0.9253360033035278,-0.3778899908065796,0.030858999118208885,0,-0.37870100140571594,-0.9172300100326538,0.1235869973897934,0,0,16.070491790771484,0,1,-0.04398699849843979,0.06305199861526489,0.9970399737358093,0,0.0932840034365654,0.9939050078392029,-0.05873899906873703,0,-0.9946669936180115,0.09042400121688843,-0.04960000142455101,0,0,23.006677627563477,0,1,0.9090949892997742,-0.4154129922389984,-0.031279001384973526,0,0.3140990138053894,0.634181022644043,0.7065100073814392,0,-0.2736569941043854,-0.6521090269088745,0.7070119976997375,0,4.856080055236816,5.508211135864258,0.000003000000106112566,1,0.29373899102211,0.9284629821777344,0.22732000052928925,0,-0.9198489785194397,0.2098740041255951,0.3314090073108673,0,0.25999200344085693,-0.3064480125904083,0.9156929850578308,0,0.11964300274848938,5.873307228088379,0,1,0.9508630037307739,0.3092460036277771,-0.015056000091135502,0,-0.30199000239372253,0.937080979347229,0.17516100406646729,0,0.06827700138092041,-0.16200700402259827,0.9844250082969666,0,0.5851889848709106,6.872167110443115,0,1,0.9397720098495483,-0.24279999732971191,-0.24057599902153015,0,0.23209300637245178,-0.06340300291776657,0.9706249833106995,0,-0.25091999769210815,-0.9680020213127136,-0.0032319999299943447,0,0,11.272738456726074,0.16046999394893646,1,0.9441959857940674,-0.247530996799469,-0.21730899810791016,0,0.1529259979724884,-0.25489500164985657,0.954800009727478,0,-0.2917329967021942,-0.9347500205039978,-0.20281699299812317,0,-0.01638299971818924,8.495157241821289,0,1,0.9221829771995544,-0.3349800109863281,-0.19330699741840363,0,0.35698801279067993,0.544966995716095,0.7586629986763,0,-0.14879100024700165,-0.7686349749565125,0.6221429705619812,0,0.6223239898681641,6.868310928344727,0,1,-0.7931190133094788,-0.5189170241355896,0.3188839852809906,0,0.5929719805717468,-0.5383059978485107,0.5988410115242004,0,-0.13909199833869934,0.6640419960021973,0.7346439957618713,0,15.206181526184082,-5.639214038848877,0.4854309856891632,1,0.9919490218162537,-0.11336699873209,-0.05643799901008606,0,0.004335999954491854,0.4758070111274719,-0.8795390129089355,0,0.12656399607658386,0.8722130060195923,0.47246798872947693,0,0,25.565828323364258,0,1,0.8990520238876343,-0.4329659938812256,-0.0651639997959137,0,0.2670629918575287,0.42433199286460876,0.865227997303009,0,-0.34696298837661743,-0.7952880263328552,0.4971249997615814,0,0,19.34305763244629,0,1,0.9999420046806335,0,-0.010772000066936016,0,0.00810800027102232,0.6583560109138489,0.7526630163192749,0,0.007091999985277653,-0.7527070045471191,0.6583179831504822,0,0,12.453317642211914,0,1,-0.8953980207443237,0.3782860040664673,-0.23486599326133728,0,-0.44494399428367615,-0.7802159786224365,0.4396440088748932,0,-0.01693500019609928,0.4981589913368225,0.866919994354248,0,-15.206181526184082,-5.639214038848877,-0.017153000459074974,1,0.9688599705696106,0.19448499381542206,0.15325100719928741,0,0.020332999527454376,0.5543439984321594,-0.8320389986038208,0,-0.24677300453186035,0.8092449903488159,0.533128023147583,0,0,25.640430450439453,0,1,0.934224009513855,0.29185500741004944,0.20504899322986603,0,-0.2680929899215698,0.195373997092247,0.94337397813797,0,0.23526699841022491,-0.9362959861755371,0.26076799631118774,0,0,19.428544998168945,0,1,0.9999499917030334,0,0.009971000254154205,0,-0.007348999846726656,0.6758580207824707,0.7369949817657471,0,-0.006738999858498573,-0.7370319962501526,0.675823986530304,0,0,12.713443756103516,0,1
K0.033,0.8423670530319214,-0.07948801666498184,0.533009946346283,0,0.019544975832104683,0.9929180145263672,0.117185078561306,0,-0.5385499596595764,-0.0882950872182846,0.837954044342041,0,-1.7474054098129272,49.31665802001953,1.6307108402252197,1,0.9978640079498291,0.051031969487667084,-0.04079199582338333,0,-0.05117597058415413,0.9986870288848877,-0.002486024284735322,0,0.04061199724674225,0.0045690229162573814,0.9991649985313416,0,0,10.15488052368164,-0.29943200945854187,1,0.9943320155143738,0.049382951110601425,-0.09415099024772644,0,-0.04305895417928696,0.9967520236968994,0.06804995983839035,0,0.0972059816122055,-0.06361096352338791,0.9932289719581604,0,0,11.852499961853027,0,1,0.9943860173225403,0.0456339530646801,-0.09546899050474167,0,-0.039176955819129944,0.9968850016593933,0.0684499591588974,0,0.09829598665237427,-0.06432496011257172,0.9930760264396667,0,0,13.54572582244873,0,1,0.9979050159454346,-0.0006480329902842641,-0.06469500809907913,0,0.012756038457155228,0.9822919964790344,0.18692204356193542,0,0.06342799961566925,-0.18735605478286743,0.9802420139312744,0,0,15.238935470581055,0,1,0.9073899984359741,-0.20906797051429749,-0.3646009862422943,0,0.1442599892616272,0.9697250127792358,-0.19703295826911926,0,0.3947559893131256,0.12618795037269592,0.9100790023803711,0,0,6.069733142852783,0.0718419998884201,1,0.32067790627479553,0.02474398910999298,-0.9468650817871094,0,0.9361199736595154,-0.1606530398130417,0.31284090876579285,0,-0.14437603950500488,-0.9867010116577148,-0.07468098402023315,0,12.931761741638184,13.36662483215332,-0.024089999496936798,1,0.3974061608314514,-0.08015570044517517,0.9141359329223633,0,-0.1443830132484436,0.9783080816268921,0.14855071902275085,0,-0.9062129259109497,-0.1910209059715271,0.37721219658851624,0,0,26.221097946166992,0,1,-0.09414098411798477,0.12219101190567017,0.9880319833755493,0,-0.686906099319458,-0.7263368964195251,0.024378003552556038,0,0.7206228971481323,-0.6763901114463806,0.1523119956254959,0,0,16.07257843017578,0,1,0.5337347984313965,-0.19380886852741241,-0.8231431245803833,0,0.15958189964294434,0.9789779782295227,-0.12702491879463196,0,0.8304581046104431,-0.06356099992990494,0.5534428358078003,0,0,23.019641876220703,0,1,0.7685210108757019,0.6370390057563782,-0.05963300168514252,0,-0.4530560076236725,0.6076290011405945,0.6523240208625793,0,0.451790988445282,-0.4743080139160156,0.75559002161026,0,-5.102105140686035,5.694654941558838,0,1,0.38839900493621826,-0.5987750291824341,-0.7004389762878418,0,0.7991899847984314,-0.1595200002193451,0.5795249938964844,0,-0.4587390124797821,-0.7848700284957886,0.4165779948234558,0,-0.2425439953804016,6.111946105957031,0,1,0.9523109793663025,-0.30454298853874207,0.018929999321699142,0,0.24377700686454773,0.7966740131378174,0.5530679821968079,0,-0.18351300060749054,-0.5220770239830017,0.832921028137207,0,-0.6389309763908386,6.818601131439209,0,1,0.9425020217895508,0.24226200580596924,0.23021399974822998,0,-0.18881699442863464,-0.18236400187015533,0.9649310111999512,0,0.27574899792671204,-0.9529179930686951,-0.12613500654697418,0,0,12.069541931152344,0.2830030024051666,1,0.9427530169487,0.26757699251174927,0.19904600083827972,0,-0.20389699935913086,-0.009828999638557434,0.9789429903030396,0,0.2638989984989166,-0.9634860157966614,0.045292001217603683,0,-0.2065349966287613,9.248311042785645,0,1,0.9493129849433899,0.2778339982032776,0.1470160037279129,0,-0.30098798871040344,0.6686199903488159,0.6799659729003906,0,0.0906200036406517,-0.6897500157356262,0.7183539867401123,0,-0.2367130070924759,5.1582818031311035,0,1,0.2912060618400574,-0.024489007890224457,0.9563469886779785,0,-0.947048008441925,-0.14873497188091278,0.2845660448074341,0,0.13527394831180573,-0.9885740280151367,-0.06650500744581223,0,-12.931761741638184,13.368457794189453,-0.08627299964427948,1,0.6492629647254944,-0.34711894392967224,-0.676732063293457,0,0.7422360181808472,0.48333895206451416,0.46418604254722595,0,0.16596302390098572,-0.803674042224884,0.5714588761329651,0,0,26.221097946166992,0,1,-0.018043996766209602,-0.1261889934539795,-0.9918419718742371,0,0.9263920187950134,-0.37529197335243225,0.030894000083208084,0,-0.3761289715766907,-0.9182770252227783,0.1236720010638237,0,0,16.070491790771484,0,1,-0.04463895782828331,0.06323499977588654,0.996999979019165,0,0.09315598011016846,0.993910014629364,-0.058868005871772766,0,-0.9946500062942505,0.09024897962808609,-0.050257958471775055,0,0,23.006677627563477,0,1,0.9090949892997742,-0.4154129922389984,-0.031279001384973526,0,0.3140990138053894,0.634181022644043,0.7065100073814392,0,-0.2736569941043854,-0.6521090269088745,0.7070119976997375,0,4.856080055236816,5.508211135864258,0.000003000000106112566,1,0.29373899102211,0.9284629821777344,0.22732000052928925,0,-0.9198489785194397,0.2098740041255951,0.3314090073108673,0,0.25999200344085693,-0.3064480125904083,0.9156929850578308,0,0.11964300274848938,5.873307228088379,0,1,0.9508630037307739,0.3092460036277771,-0.015056000091135502,0,-0.30199000239372253,0.937080979347229,0.17516100406646729,0,0.06827700138092041,-0.16200700402259827,0.9844250082969666,0,0.5851889848709106,6.872167110443115,0,1,0.9397720098495483,-0.24279899895191193,-0.24057599902153015,0,0.23209300637245178,-0.06340300291776657,0.9706249833106995,0,-0.25091999769210815,-0.9680020213127136,-0.0032319999299943447,0,0,11.272738456726074,0.16046999394893646,1,0.9441959857940674,-0.247530996799469,-0.21730899810791016,0,0.1529269963502884,-0.2548939883708954,0.954800009727478,0,-0.2917329967021942,-0.9347500205039978,-0.20281599462032318,0,-0.01638299971818924,8.495157241821289,0,1,0.9221829771995544,-0.3349800109863281,-0.19330699741840363,0,0.35698801279067993,0.5449680089950562,0.7586629986763,0,-0.14879100024700165,-0.768634021282196,0.6221439838409424,0,0.6223239898681641,6.868310928344727,0,1,-0.7950739860534668,-0.5186480283737183,0.3144230246543884,0,0.590004026889801,-0.5412628054618835,0.5991072058677673,0,-0.14054010808467865,0.6618461012840271,0.7363478541374207,0,15.206181526184082,-5.639214038848877,0.4854309856891632,1,0.992110013961792,-0.11195005476474762,-0.056443024426698685,0,0.0047569964081048965,0.48348498344421387,-0.8753399848937988,0,0.12528406083583832,0.8681650161743164,0.48020195960998535,0,0,25.565828323364258,0,1,0.8991039991378784,-0.43310099840164185,-0.06353198736906052,0,0.26807400584220886,0.4300520718097687,0.8620849251747131,0,-0.346047967672348,-0.7921350002288818,0.5027650594711304,0,0,19.34305763244629,0,1,0.9999420046806335,0.0000019999799860670464,-0.01076900027692318,0,0.008105999790132046,0.6582239866256714,0.7527779936790466,0,0.007089999970048666,-0.7528219819068909,0.6581860184669495,0,0,12.453317642211914,0,1,-0.8962600231170654,0.3790709674358368,-0.23026695847511292,0,-0.4432309567928314,-0.784529983997345,0.43365809321403503,0,-0.016263948753476143,0.4907320737838745,0.871159017086029,0,-15.206181526184082,-5.639214038848877,-0.017153000459074974,1,0.9688529968261719,0.193976029753685,0.1539369821548462,0,0.020333006978034973,0.5572168827056885,-0.8301180601119995,0,-0.2468000203371048,0.8073930740356445,0.5359168648719788,0,0,25.640430450439453,0,1,0.934814989566803,0.2947610318660736,0.1980818808078766,0,-0.2613488435745239,0.1933448761701584,0.9456820487976074,0,0.2404520958662033,-0.9358069896697998,0.2577768564224243,0,0,19.428544998168945,0,1,0.9999499917030334,0,0.009971000254154205,0,-0.007348999846726656,0.6758520007133484,0.7370010018348694,0,-0.006738999858498573,-0.7370370030403137,0.6758189797401428,0,0,12.713443756103516,0,1
K0.067,0.8476289510726929,-0.08081698417663574,0.5243990421295166,0,0.017202023416757584,0.991998016834259,0.12507691979408264,0,-0.5303110480308533,-0.09699790924787521,0.8422359228134155,0,-1.7819246053695679,49.171913146972656,1.5105291604995728,1,0.9980279803276062,0.04802903160452843,-0.04040200263261795,0,-0.048266030848026276,0.9988219738006592,-0.004907975904643536,0,0.040119003504514694,0.006847977172583342,0.9991710186004639,0,0,10.15488052368164,-0.29943200945854187,1,0.9946489930152893,0.044565048068761826,-0.09320500493049622,0,-0.03867804631590843,0.9971979856491089,0.06404003500938416,0,0.09579801559448242,-0.060092031955718994,0.9935849905014038,0,0,11.852499961853027,0,1,0.9946929812431335,0.04083804786205292,-0.09443200379610062,0,-0.03483504429459572,0.9973180294036865,0.0643630400300026,0,0.09680701792240143,-0.06073203682899475,0.9934489727020264,0,0,13.54572582244873,0,1,0.9978259801864624,-0.0039489674381911755,-0.06578598916530609,0,0.016548963263630867,0.9812340140342712,0.19210995733737946,0,0.06379300355911255,-0.19278094172477722,0.9791659712791443,0,0,15.238935470581055,0,1,0.9076489806175232,-0.20601503551006317,-0.36569300293922424,0,0.14309202134609222,0.9709399938583374,-0.1918320506811142,0,0.3945859968662262,0.12178904563188553,0.91075199842453,0,0,6.069733142852783,0.0718419998884201,1,0.31156209111213684,0.023683011531829834,-0.9499309659004211,0,0.9384229779243469,-0.1647399514913559,0.30368107557296753,0,-0.14929994940757751,-0.9860529899597168,-0.07355101406574249,0,12.931761741638184,13.36662483215332,-0.024089999496936798,1,0.4125668406486511,-0.050394292920827866,0.9095320701599121,0,-0.14515797793865204,0.9820729494094849,0.12025728076696396,0,-0.8992870450019836,-0.18164008855819702,0.3978557884693146,0,0,26.221097946166992,0,1,-0.092491015791893,0.1239129826426506,0.9879729747772217,0,-0.6965798735618591,-0.7170531153678894,0.024720996618270874,0,0.711492121219635,-0.6859158873558044,0.15263600647449493,0,0,16.07257843017578,0,1,0.5162681937217712,-0.18031813204288483,-0.8372288942337036,0,0.14932210743427277,0.9815620183944702,-0.11932607740163803,0,0.8433088660240173,-0.06341300159692764,0.5336751937866211,0,0,23.019641876220703,0,1,0.7685210108757019,0.6370390057563782,-0.05963300168514252,0,-0.4530560076236725,0.6076290011405945,0.6523249745368958,0,0.451790988445282,-0.4743080139160156,0.75559002161026,0,-5.102105140686035,5.694654941558838,0,1,0.38839900493621826,-0.5987759828567505,-0.7004380226135254,0,0.7991899847984314,-0.1595200002193451,0.5795239806175232,0,-0.4587390124797821,-0.7848700284957886,0.4165779948234558,0,-0.2425439953804016,6.111946105957031,0,1,0.9523109793663025,-0.30454200506210327,0.018929999321699142,0,0.24377700686454773,0.7966740131378174,0.5530670285224915,0,-0.18351300060749054,-0.5220770239830017,0.832921028137207,0,-0.6389309763908386,6.818601131439209,0,1,0.9425020217895508,0.24226200580596924,0.23021399974822998,0,-0.18881699442863464,-0.18236400187015533,0.9649310111999512,0,0.27574899792671204,-0.9529179930686951,-0.12613600492477417,0,0,12.069541931152344,0.2830030024051666,1,0.9427530169487,0.26757800579071045,0.19904600083827972,0,-0.20389699935913086,-0.009828999638557434,0.9789429903030396,0,0.2639000117778778,-0.9634860157966614,0.045292001217603683,0,-0.2065349966287613,9.248311042785645,0,1,0.9493129849433899,0.2778339982032776,0.1470160037279129,0,-0.30098700523376465,0.6686199903488159,0.6799659729003906,0,0.0906200036406517,-0.6897500157356262,0.7183539867401123,0,-0.2367130070924759,5.1582818031311035,0,1,0.29682692885398865,-0.0252239927649498,0.9545980095863342,0,-0.945855975151062,-0.14525902271270752,0.29027095437049866,0,0.13134203851222992,-0.9890720248222351,-0.06697499006986618,0,-12.931761741638184,13.368457794189453,-0.08627299964427948,1,0.6459730863571167,-0.3397340476512909,-0.6835929155349731,0,0.7445340156555176,0.47805705666542053,0.4659729599952698,0,0.16848896443843842,-0.8099639415740967,0.5617561340332031,0,0,26.221097946166992,0,1,-0.017728004604578018,-0.12631599605083466,-0.9918320178985596,0,0.9273279905319214,-0.37296903133392334,0.030925000086426735,0,-0.37382903695106506,-0.9192050099372864,0.12374799698591232,0,0,16.070491790771484,0,1,-0.04051404073834419,0.06332399696111679,0.9971699714660645,0,0.09055602550506592,0.9941149950027466,-0.059450991451740265,0,-0.9950670003890991,0.08789101988077164,-0.04601003974676132,0,0,23.006677627563477,0,1,0.9090949892997742,-0.4154129922389984,-0.031279001384973526,0,0.3140990138053894,0.634181022644043,0.7065100073814392,0,-0.2736569941043854,-0.6521090269088745,0.7070119976997375,0,4.856080055236816,5.508211135864258,0.000003000000106112566,1,0.29373899102211,0.928462028503418,0.22732000052928925,0,-0.9198480248451233,0.2098740041255951,0.3314090073108673,0,0.25999200344085693,-0.3064480125904083,0.9156929850578308,0,0.11964300274848938,5.873307228088379,0,1,0.9508630037307739,0.3092460036277771,-0.015056000091135502,0,-0.30199000239372253,0.937080979347229,0.17516100406646729,0,0.06827700138092041,-0.16200700402259827,0.9844250082969666,0,0.5851889848709106,6.872167110443115,0,1,0.9397720098495483,-0.24279899895191193,-0.24057599902153015,0,0.23209300637245178,-0.06340300291776657,0.9706249833106995,0,-0.25091999769210815,-0.9680020213127136,-0.003232999937608838,0,0,11.272738456726074,0.16046999394893646,1,0.9441959857940674,-0.247529998421669,-0.21730899810791016,0,0.1529269963502884,-0.2548939883708954,0.954800009727478,0,-0.2917329967021942,-0.9347500205039978,-0.20281599462032318,0,-0.01638299971818924,8.495157241821289,0,1,0.9221829771995544,-0.3349800109863281,-0.19330699741840363,0,0.35698699951171875,0.5449680089950562,0.7586629986763,0,-0.14879100024700165,-0.7686349749565125,0.6221429705619812,0,0.6223239898681641,6.868310928344727,0,1,-0.7948880195617676,-0.5169309973716736,0.317702978849411,0,0.5877329707145691,-0.5258961915969849,0.6148198246955872,0,-0.15074089169502258,0.6754368543624878,0.7218461036682129,0,15.206181526184082,-5.639214038848877,0.4854309856891632,1,0.9913759827613831,-0.11696894466876984,-0.05909497290849686,0,0.004395003896206617,0.48035502433776855,-0.877062976360321,0,0.13097594678401947,0.8692389726638794,0.47672703862190247,0,0,25.565828323364258,0,1,0.8995400071144104,-0.432451993227005,-0.06175601854920387,0,0.26858800649642944,0.43603193759918213,0.8589160442352295,0,-0.344512015581131,-0.7892150282859802,0.5083799362182617,0,0,19.34305763244629,0,1,0.9999420046806335,0,-0.010773999616503716,0,0.008108999580144882,0.6584529876708984,0.7525780200958252,0,0.0070940000005066395,-0.7526220083236694,0.6584140062332153,0,0,12.453317642211914,0,1,-0.898402988910675,0.37633103132247925,-0.22637905180454254,0,-0.439035028219223,-0.7824879884719849,0.44154292345046997,0,-0.010973052121698856,0.4960719347000122,0.8682119846343994,0,-15.206181526184082,-5.639214038848877,-0.017153000459074974,1,0.9684889912605286,0.1969519704580307,0.1524450182914734,0,0.021109992638230324,0.5449711084365845,-0.8381889462471008,0,-0.24816098809242249,0.8149939179420471,0.5236411094665527,0,0,25.640430450439453,0,1,0.9361050128936768,0.29815396666526794,0.1865791231393814,0,-0.24740813672542572,0.18114212155342102,0.9518279433250427,0,0.24999390542507172,-0.937171995639801,0.24333414435386658,0,0,19.428544998168945,0,1,0.9999499917030334,0,0.009971000254154205,0,-0.007348000071942806,0.6758450269699097,0.7370070219039917,0,-0.006738999858498573,-0.737043023109436,0.6758120059967041,0,0,12.713443756103516,0,1
K0.100,0.8534640073776245,-0.08320000022649765,0.5144670009613037,0,0.01449699979275465,0.9905819892883301,0.13614900410175323,0,-0.5209500193595886,-0.10874000191688538,0.8466330170631409,0,-1.8166929483413696,48.73754119873047,1.3542850017547607,1,0.9981920123100281,0.044950999319553375,-0.03989500179886818,0,-0.045198000967502594,0.9989640116691589,-0.005313000176101923,0,0.039615001529455185,0.00710699986666441,0.9991899728775024,0,0,10.15488052368164,-0.29943200945854187,1,0.9951459765434265,0.03820300102233887,-0.09068799763917923,0,-0.03257700055837631,0.9975000023841858,0.0627169981598854,0,0.09285800158977509,-0.05945799872279167,0.9939020276069641,0,0,11.852499961853027,0,1,0.9951729774475098,0.034595999866724014,-0.09183599799871445,0,-0.02888300083577633,0.9976069927215576,0.06282299757003784,0,0.09379000216722488,-0.059866998344659805,0.9937899708747864,0,0,13.54572582244873,0,1,0.9978049993515015,-0.007884999737143517,-0.06575100123882294,0,0.020594000816345215,0.9806010127067566,0.19492800533771515,0,0.06293799728155136,-0.19585399329662323,0.9786109924316406,0,0,15.238935470581055,0,1,0.9089879989624023,-0.2082889974117279,-0.36104801297187805,0,0.14705799520015717,0.970749020576477,-0.18978799879550934,0,0.3900179862976074,0.11941999942064285,0.9130309820175171,0,0,6.069733142852783,0.0718419998884201,1,0.3003079891204834,0.023094000294804573,-0.9535629749298096,0,0.942022979259491,-0.1640709936618805,0.29269999265670776,0,-0.14969299733638763,-0.9861779808998108,-0.0710270032286644,0,12.931761741638184,13.36662483215332,-0.024089999496936798,1,0.42344000935554504,-0.03253199905157089,0.9053400158882141,0,-0.14961299300193787,0.9831209778785706,0.10530299693346024,0,-0.8934839963912964,-0.18004000186920166,0.41142600774765015,0,0,26.221097946166992,0,1,-0.09359700232744217,0.1227630004286766,0.9880130290985107,0,-0.6901209950447083,-0.7232789993286133,0.02449199929833412,0,0.7176160216331482,-0.6795560121536255,0.15241800248622894,0,0,16.07257843017578,0,1,0.5109220147132874,-0.1752920001745224,-0.8415650129318237,0,0.14129500091075897,0.9827979803085327,-0.11892800033092499,0,0.8479350209236145,-0.058145999908447266,0.5269010066986084,0,0,23.019641876220703,0,1,0.7685210108757019,0.6370390057563782,-0.05963300168514252,0,-0.4530560076236725,0.6076290011405945,0.6523240208625793,0,0.451790988445282,-0.4743080139160156,0.75559002161026,0,-5.102105140686035,5.694654941558838,0,1,0.38839900493621826,-0.5987750291824341,-0.7004380226135254,0,0.7991899847984314,-0.1595200002193451,0.5795249938964844,0,-0.4587390124797821,-0.7848700284957886,0.4165779948234558,0,-0.2425439953804016,6.111946105957031,0,1,0.9523109793663025,-0.30454298853874207,0.018929999321699142,0,0.24377700686454773,0.7966740131378174,0.5530679821968079,0,-0.18351399898529053,-0.5220779776573181,0.832921028137207,0,-0.6389309763908386,6.818601131439209,0,1,0.9425020217895508,0.24226200580596924,0.23021399974822998,0,-0.18881699442863464,-0.18236400187015533,0.9649310111999512,0,0.27574899792671204,-0.9529179930686951,-0.12613600492477417,0,0,12.069541931152344,0.2830030024051666,1,0.9427530169487,0.26757699251174927,0.19904600083827972,0,-0.20389699935913086,-0.009828999638557434,0.9789429903030396,0,0.2638989984989166,-0.9634860157966614,0.045292001217603683,0,-0.2065349966287613,9.248311042785645,0,1,0.9493129849433899,0.2778339982032776,0.1470160037279129,0,-0.30098798871040344,0.6686199903488159,0.6799659729003906,0,0.0906200036406517,-0.6897500157356262,0.7183539867401123,0,-0.2367130070924759,5.1582818031311035,0,1,0.301144003868103,-0.027379000559449196,0.9531859755516052,0,-0.9465720057487488,-0.1295350044965744,0.29533401131629944,0,0.11538500338792801,-0.9911969900131226,-0.06492500007152557,0,-12.931761741638184,13.368457794189453,-0.08627299964427948,1,0.6409239768981934,-0.3235990107059479,-0.6960610151290894,0,0.7476670145988464,0.46850699186325073,0.47063300013542175,0,0.17381300032138824,-0.8220610022544861,0.5422210097312927,0,0,26.221097946166992,0,1,-0.01841999962925911,-0.12603600323200226,-0.9918550252914429,0,0.9252679944038391,-0.37805798649787903,0.030856000259518623,0,-0.3788670003414154,-0.9171630144119263,0.12358099967241287,0,0,16.070491790771484,0,1,-0.03228500112891197,0.06294699758291245,0.9974949955940247,0,0.08621100336313248,0.99447101354599,-0.05996600165963173,0,-0.9957540035247803,0.08405900001525879,-0.037533000111579895,0,0,23.006677627563477,0,1,0.9090949892997742,-0.4154129922389984,-0.031279001384973526,0,0.3140990138053894,0.634181022644043,0.7065100073814392,0,-0.2736569941043854,-0.6521090269088745,0.7070119976997375,0,4.856080055236816,5.508211135864258,0.000003000000106112566,1,0.29373899102211,0.9284629821777344,0.22732000052928925,0,-0.9198489785194397,0.2098730057477951,0.3314090073108673,0,0.25999200344085693,-0.3064480125904083,0.9156929850578308,0,0.11964300274848938,5.873307228088379,0,1,0.9508630037307739,0.3092460036277771,-0.015056000091135502,0,-0.30199000239372253,0.937080979347229,0.17516100406646729,0,0.06827700138092041,-0.16200700402259827,0.9844250082969666,0,0.5851889848709106,6.872167110443115,0,1,0.9397720098495483,-0.24279899895191193,-0.24057599902153015,0,0.23209300637245178,-0.06340300291776657,0.9706249833106995,0,-0.25091999769210815,-0.9680020213127136,-0.0032319999299943447,0,0,11.272738456726074,0.16046999394893646,1,0.9441959857940674,-0.247530996799469,-0.21730899810791016,0,0.1529259979724884,-0.2548939883708954,0.954800009727478,0,-0.2917329967021942,-0.9347500205039978,-0.20281599462032318,0,-0.01638299971818924,8.495157241821289,0,1,0.9221829771995544,-0.3349800109863281,-0.19330699741840363,0,0.35698801279067993,0.544966995716095,0.7586629986763,0,-0.14879100024700165,-0.7686349749565125,0.6221429705619812,0,0.6223239898681641,6.868310928344727,0,1,-0.7920240163803101,-0.5142509937286377,0.3290039896965027,0,0.5876709818840027,-0.49626800417900085,0.6390309929847717,0,-0.16534799337387085,0.6994739770889282,0.6952670216560364,0,15.206181526184082,-5.639214038848877,0.4854309856891632,1,0.9890869855880737,-0.1316950023174286,-0.06605000048875809,0,0.0019360000733286142,0.4598909914493561,-0.8879730105400085,0,0.1473180055618286,0.878154993057251,0.4551270008087158,0,0,25.565828323364258,0,1,0.900613009929657,-0.43039000034332275,-0.06050100177526474,0,0.2660579979419708,0.4358789920806885,0.8597800135612488,0,-0.34366899728775024,-0.7904260158538818,0.5070670247077942,0,0,19.34305763244629,0,1,0.9999420046806335,0,-0.010773999616503716,0,0.008108999580144882,0.6584540009498596,0.7525780200958252,0,0.0070940000005066395,-0.7526209950447083,0.6584150195121765,0,0,12.453317642211914,0,1,-0.8997489809989929,0.37411099672317505,-0.2247059941291809,0,-0.4364030063152313,-0.7735649943351746,0.4595089852809906,0,-0.0019170003943145275,0.5115060210227966,0.8592780232429504,0,-15.206181526184082,-5.639214038848877,-0.017153000459074974,1,0.9676079750061035,0.20498600602149963,0.14736199378967285,0,0.022012999281287193,0.5129809975624084,-0.8581179976463318,0,-0.25149598717689514,0.8335649967193604,0.4918519854545593,0,0,25.640430450439453,0,1,0.9376339912414551,0.2985599935054779,0.17805400490760803,0,-0.23218899965286255,0.1566919982433319,0.9599670171737671,0,0.25870800018310547,-0.9414399862289429,0.2162420004606247,0,0,19.428544998168945,0,1,0.9999499917030334,0,0.009971000254154205,0,-0.007348999846726656,0.6758400201797485,0.7370120286941528,0,-0.006738999858498573,-0.7370479702949524,0.6758059859275818,0,0,12.713443756103516,0,1
