1.167,30,35,41
B0,mixamorig_Hips,-1,0.9958503246307373,0.04820725694298744,0.07664598524570465,0,-0.047183118760585785,0.9987422227859497,-0.0148415332660079,0,-0.07729634642601013,0.011123325675725937,0.9969231486320496,0,0.8007439374923706,52.704139709472656,0.9700080752372742,1
B1,mixamorig_Spine,0,0.9892773628234863,-0.04739062115550041,-0.13792970776557922,0,0.05319739878177643,0.9977996349334717,0.038524359464645386,0,0.13576413691043854,-0.045475687831640244,0.989668071269989,0,0,10.15488052368164,-0.29943200945854187,1
B2,mixamorig_Spine1,1,0.9992837309837341,-0.003976864740252495,-0.03757396340370178,0,0.004418320022523403,0.9999168515205383,0.011765417642891407,0,0.037528060376644135,-0.011925249360501766,0.9992204904556274,0,0,11.852499961853027,0,1
B3,mixamorig_Spine2,2,0.999284565448761,-0.004012227989733219,-0.03753243759274483,0,0.0044543021358549595,0.999916672706604,0.011778520420193672,0,0.03748553246259689,-0.011939303018152714,0.9992225170135498,0,0,13.54572582244873,0,1
B4,mixamorig_Neck,3,0.9998668432235718,0.0033486606553196907,0.01596669852733612,0,-0.003368089674040675,0.9999933838844299,0.0012249905848875642,0,-0.015962079167366028,-0.0012784196296706796,0.9998716711997986,0,0,15.238935470581055,0,1
B5,mixamorig_Head,4,0.9937600493431091,-0.03195872902870178,0.1068330854177475,0,0.04010223597288132,0.996370255947113,-0.07499668747186661,0,-0.10404207557439804,0.07881134748458862,0.9914407730102539,0,0,6.069733142852783,0.0718419998884201,1
B6,mixamorig_HeadTop_End,5,1,0,0,0,0,1,0,0,0,0,1,0,0,77.56666564941406,0.9180859923362732,1
B7,mixamorig_LeftShoulder,3,-0.00747444573789835,0.016208307817578316,-0.9998391270637512,0,0.913928210735321,-0.40564778447151184,-0.01340868603438139,0,-0.4058002531528473,-0.9138842821121216,-0.011784378439188004,0,12.931761741638184,13.36662483215332,-0.024089999496936798,1
B8,mixamorig_LeftArm,7,0.9261119365692139,-0.2011803388595581,-0.31903618574142456,0,0.37532615661621094,0.4078764021396637,0.8323066830635071,0,-0.03733005374670029,-0.8905922174453735,0.4532376825809479,0,0,26.221097946166992,0,1
B9,mixamorig_LeftForeArm,8,0.21181602776050568,0.01627989113330841,0.9771741032600403,0,-0.09151439368724823,0.9957907795906067,0.003247187938541174,0,-0.9730076193809509,-0.09011346101760864,0.21241752803325653,0,0,16.07257843017578,0,1
B10,mixamorig_LeftHand,9,-0.5641096830368042,-0.0466887429356575,-0.8243679404258728,0,-0.015366215258836746,0.9987846612930298,-0.046077270060777664,0,0.8255124092102051,-0.013318427838385105,-0.5641682147979736,0,0,23.019641876220703,0,1
B11,mixamorig_LeftHandThumb1,10,0.8588529825210571,0.5010129809379578,-0.10657600313425064,0,-0.4957070052623749,0.8653789758682251,0.07343699783086777,0,0.1290220022201538,-0.010240999981760979,0.9915890097618103,0,-5.102105140686035,5.694654941558838,9.999999974752427e-7,1
B12,mixamorig_LeftHandThumb2,11,0.9290004372596741,-0.3522258698940277,-0.11355362087488174,0,0.37007731199264526,0.8836621046066284,0.28667765855789185,0,-0.0006322853732854128,-0.3083469569683075,0.9512736201286316,0,-0.2425439953804016,6.111946105957031,0,1
B13,mixamorig_LeftHandThumb3,12,0.8848219513893127,0.4585184156894684,-0.08276854455471039,0,-0.4479682147502899,0.788335919380188,-0.4217183589935303,0,-0.1281164288520813,0.41022351384162903,0.9029386043548584,0,-0.6389309763908386,6.818601131439209,0,1
B14,mixamorig_LeftHandThumb4,13,1,0,0,0,0,1,0,0,0,0,1,0,0.8814749717712402,4.155628204345703,0,1
B15,mixamorig_LeftHandIndex1,10,0.9927490949630737,0.1197744607925415,0.009729665704071522,0,-0.10859455913305283,0.859541118144989,0.49926337599754333,0,0.05146895721554756,-0.4966997802257538,0.866322934627533,0,0,12.069541931152344,0.2830030024051666,1
B16,mixamorig_LeftHandIndex2,15,0.9908860325813293,0.13302354514598846,0.02085530199110508,0,-0.12269093841314316,0.8283156156539917,0.546469509601593,0,0.05547178164124489,-0.5440465807914734,0.837101399898529,0,-0.2065349966287613,9.248311042785645,0,1
B17,mixamorig_LeftHandIndex3,16,0.9695400595664978,0.23443400859832764,0.07081982493400574,0,-0.24340203404426575,0.890525221824646,0.3840457499027252,0,0.02702242322266102,-0.38958340883255005,0.9204776287078857,0,-0.2367130070924759,5.1582818031311035,0,1
B18,mixamorig_LeftHandIndex4,17,1,0,0,0,0,1,0,0,0,0,1,0,0.4432480037212372,4.540596961975098,0,1
B19,mixamorig_RightShoulder,3,0.008233446627855301,-0.015559322200715542,0.9998429417610168,0,-0.9191140532493591,-0.39398273825645447,0.0014384208479896188,0,0.39389899373054504,-0.9189854860305786,-0.017542073503136635,0,-12.931761741638184,13.368457794189453,-0.08627299964427948,1
B20,mixamorig_RightArm,19,0.930600643157959,-0.34983059763908386,-0.10721876472234726,0,0.3121657371520996,0.6062285900115967,0.73138028383255,0,-0.19083547592163086,-0.7141733169555664,0.6734370589256287,0,0,26.221097946166992,0,1
B21,mixamorig_RightForeArm,20,0.15611350536346436,-0.05798294395208359,-0.9860343933105469,0,0.42567047476768494,0.9046802520751953,0.014195137657225132,0,0.8912222981452942,-0.4219418168067932,0.16593556106090546,0,0,16.070491790771484,0,1
B22,mixamorig_RightHand,21,-0.1790427416563034,-0.17536044120788574,0.9680445790290833,0,0.12173536419868469,0.9724693298339844,0.1986251324415207,0,-0.9762239456176758,0.15341386198997498,-0.15276849269866943,0,0,23.006677627563477,0,1
B23,mixamorig_RightHandThumb1,22,0.8055379986763,-0.5924288034439087,-0.011717810295522213,0,0.592313826084137,0.8045141696929932,0.04382980987429619,0,-0.01653899997472763,-0.04224681109189987,0.9989699721336365,0,4.856080055236816,5.508211135864258,0.000003000000106112566,1
B24,mixamorig_RightHandThumb2,23,0.8281329870223999,0.5438230037689209,0.1358356773853302,0,-0.5604009628295898,0.7980369925498962,0.22155579924583435,0,0.012085642665624619,-0.25960031151771545,0.9656404852867126,0,0.11964300274848938,5.873307228088379,0,1
B25,mixamorig_RightHandThumb3,24,0.9093523025512695,-0.35314273834228516,0.21992571651935577,0,0.4093751013278961,0.8537105917930603,-0.3218502998352051,0,-0.07409282773733139,0.38270747661590576,0.9208924174308777,0,0.5851889848709106,6.872167110443115,0,1
B26,mixamorig_RightHandThumb4,25,1,0,0,0,0,1,0,0,0,0,1,0,-0.7048320174217224,4.946209907531738,0,1
B27,mixamorig_RightHandIndex1,22,0.9927862882614136,-0.11733749508857727,-0.024629374966025352,0,0.11640679836273193,0.8941800594329834,0.43226858973503113,0,-0.028702765703201294,-0.43201741576194763,0.9013893604278564,0,0,11.272738456726074,0.16046999394893646,1
B28,mixamorig_RightHandIndex2,27,0.9910402297973633,-0.13026608526706696,-0.02944302000105381,0,0.11416710168123245,0.7119923233985901,0.6928212642669678,0,-0.06929568946361542,-0.6899750828742981,0.7204880118370056,0,-0.01638299971818924,8.495157241821289,0,1
B29,mixamorig_RightHandIndex3,28,0.9497685432434082,-0.3026716709136963,-0.07954690605401993,0,0.3098699152469635,0.8739479184150696,0.3743862211704254,0,-0.04380390793085098,-0.3802292048931122,0.9238388538360596,0,0.6223239898681641,6.868310928344727,0,1
B30,mixamorig_RightHandIndex4,29,1,0,0,0,0,1,0,0,0,0,1,0,-0.6059409976005554,4.887612819671631,0,1
B31,mixamorig_LeftUpLeg,0,-0.994986891746521,0.09235032647848129,0.03619254007935524,0,-0.041381776332855225,-0.7186813354492188,0.693431556224823,0,0.08972293138504028,0.6886239051818848,0.7189904451370239,0,15.206181526184082,-5.639214038848877,0.4854309856891632,1
B32,mixamorig_LeftLeg,31,0.9942222833633423,0.015705445781350136,0.10588914155960083,0,0.020278524607419968,0.943404495716095,-0.33085283637046814,0,-0.10504874587059021,0.33106881380081177,0.937675416469574,0,0,25.565828323364258,0,1
B33,mixamorig_LeftFoot,32,0.9969555735588074,0.07528363913297653,0.009630846790969372,0,-0.0661037415266037,0.7891732454299927,0.6077125072479248,0,0.037339795380830765,-0.6065571904182434,0.7919897437095642,0,0,19.34305763244629,0,1
B34,mixamorig_LeftToeBase,33,0.9999516010284424,0.0003745501453522593,-0.009839247912168503,0,0.007517036981880665,0.6162620782852173,0.787463903427124,0,0.006358996033668518,-0.7874993085861206,0.6162295341491699,0,0,12.453317642211914,9.999999974752427e-7,1
B35,mixamorig_LeftToe_End,34,1,0,0,0,0,1,0,0,0,0,1,0,0,5.1457061767578125,0,1
B36,mixamorig_RightUpLeg,0,-0.9576855897903442,0.21642743051052094,-0.18937881290912628,0,-0.12474671751260757,-0.9058765172958374,-0.4042564034461975,0,-0.2592577338218689,-0.36351278424263,0.8946322202682495,0,-15.206181526184082,-5.639214038848877,-0.017153000459074974,1
B37,mixamorig_RightLeg,36,0.9881033897399902,0.0881793349981308,0.12475236505270004,0,0.0033722021616995335,0.8031207919120789,-0.5948979258537292,0,-0.1531781703233719,0.5884127020835876,0.7934283018112183,0,0,25.640430450439453,0,1
B38,mixamorig_RightFoot,37,0.9997628927230835,0.01930437982082367,0.006428421009331942,0,-0.015042541548609734,0.457260400056839,0.8820121884346008,0,0.01339693833142519,-0.8819324374198914,0.457481324672699,0,0,19.428544998168945,0,1
B39,mixamorig_RightToeBase,38,0.9999617338180542,0.006761656608432531,-0.0036586998030543327,0,0.0040000625886023045,0.004661059007048607,0.9937739372253418,0,0.006495093461126089,-0.9937571287155151,0.004627121612429619,0,0,12.713443756103516,0,1
B40,mixamorig_RightToe_End,39,1,0,0,0,0,1,0,0,0,0,1,0,0,5.145572185516357,0,1
@34,0,1,2,3,4,5,7,8,9,10,11,12,13,15,16,17,19,20,21,22,23,24,25,27,28,29,31,32,33,34,36,37,38,39
K0.000,0.998399019241333,0.0053610000759363174,-0.056313998997211456,0,-0.008640999905765057,0.9982699751853943,-0.05816600099205971,0,0.05590499937534332,0.05855900049209595,0.9967169761657715,0,0.5634049773216248,58.175621032714844,-0.9040110111236572,1,0.9998999834060669,0.013299000449478626,-0.004728000145405531,0,-0.012920999899506569,0.997285008430481,0.07249899953603745,0,0.005679999943822622,-0.07242999970912933,0.9973570108413696,0,0,10.15488052368164,-0.29943200945854187,1,0.9999899864196777,0.0041240002028644085,-0.0015079999575391412,0,-0.0041069998405873775,0.9999269843101501,0.011338000185787678,0,0.0015539999585598707,-0.01133199967443943,0.99993497133255,0,0,11.852499961853027,0,1,0.9999899864196777,0.004126000218093395,-0.0014309999532997608,0,-0.004110000096261501,0.9999269843101501,0.011342000216245651,0,0.0014779999619349837,-0.011335999704897404,0.99993497133255,0,0,13.54572582244873,0,1,0.9999719858169556,0.0011660000309348106,0.007331999950110912,0,-0.0012550000101327896,0.9999250173568726,0.012152000330388546,0,-0.007317999843508005,-0.012160999700427055,0.9998990297317505,0,0,15.238935470581055,0,1,0.9967389702796936,-0.03752699866890907,0.07143300026655197,0,0.04082399979233742,0.9981399774551392,-0.04527200013399124,0,-0.06960099935531616,0.0480399988591671,0.9964169859886169,0,0,6.069733142852783,0.0718419998884201,1,0.05967500060796738,0.01115300040692091,-0.9981560111045837,0,0.9097020030021667,-0.4122669994831085,0.04978000000119209,0,-0.41095098853111267,-0.9109950065612793,-0.03474799916148186,0,12.931761741638184,13.36662483215332,-0.024089999496936798,1,0.9896320104598999,0.12707699835300446,-0.0669260025024414,0,-0.01374599989503622,0.5476490259170532,0.8365960121154785,0,0.1429630070924759,-0.8270019888877869,0.5437179803848267,0,0,26.221097946166992,0,1,0.21071000397205353,0.02561499923467636,0.9772130250930786,0,-0.1439879983663559,0.9895660281181335,0.005109000019729137,0,-0.9668859839439392,-0.1417829990386963,0.21220000088214874,0,0,16.07257843017578,0,1,-0.3226880133152008,0.03561900183558464,-0.9458349943161011,0,-0.10722099989652634,0.9914839863777161,0.07391799986362457,0,0.9404129981994629,0.12526600062847137,-0.31612101197242737,0,0,23.019641876220703,0,1,0.8588529825210571,0.5010129809379578,-0.10657600313425064,0,-0.4957070052623749,0.8653789758682251,0.07343699783086777,0,0.1290220022201538,-0.010240999981760979,0.9915890097618103,0,-5.102105140686035,5.694654941558838,0,1,0.9221479892730713,-0.3697130084037781,-0.11381900310516357,0,0.3865930140018463,0.8703330159187317,0.3050689995288849,0,-0.013728000223636627,-0.3253200054168701,0.9455040097236633,0,-0.2425439953804016,6.111946105957031,0,1,0.881430983543396,0.4604620039463043,-0.10514000058174133,0,-0.45230498909950256,0.758804976940155,-0.46865200996398926,0,-0.13601599633693695,0.460640013217926,0.8771029710769653,0,-0.6389309763908386,6.818601131439209,0,1,0.9927129745483398,0.11939600110054016,0.016284000128507614,0,-0.11217500269412994,0.8662800192832947,0.48680099844932556,0,0.044015999883413315,-0.4850800037384033,0.8733609914779663,0,0,12.069541931152344,0.2830030024051666,1,0.9937329888343811,0.1111069992184639,0.012269999831914902,0,-0.10364899784326553,0.8747559785842896,0.473349004983902,0,0.04185900092124939,-0.471655011177063,0.8807889819145203,0,-0.2065349966287613,9.248311042785645,0,1,0.9764710068702698,0.20987099409103394,0.04958600178360939,0,-0.2153709977865219,0.9374169707298279,0.27361199259757996,0,0.010940000414848328,-0.27785399556159973,0.9605609774589539,0,-0.2367130070924759,5.1582818031311035,0,1,-0.008627999573946,-0.017030000686645508,0.9998180270195007,0,-0.9161239862442017,-0.40062400698661804,-0.0147299999371171,0,0.40080198645591736,-0.9160839915275574,-0.012144999578595161,0,-12.931761741638184,13.368457794189453,-0.08627299964427948,1,0.9929190278053284,-0.11867400258779526,-0.005293999798595905,0,0.07124900072813034,0.5592759847640991,0.8259140253067017,0,-0.09505300223827362,-0.8204429745674133,0.5637720227241516,0,0,26.221097946166992,0,1,0.16415999829769135,-0.0362900011241436,-0.9857659935951233,0,0.26641300320625305,0.9638180136680603,0.008883999660611153,0,0.9497770071029663,-0.2640790045261383,0.16788800060749054,0,0,16.070491790771484,0,1,-0.2091909945011139,-0.0658319965004921,0.9756559729576111,0,0.09713300317525864,0.9913979768753052,0.08772099763154984,0,-0.9730389714241028,0.11311899870634079,-0.200996994972229,0,0,23.006677627563477,0,1,0.8055379986763,-0.592428982257843,-0.011717000044882298,0,0.5923140048980713,0.8045139908790588,0.04382900148630142,0,-0.01653899997472763,-0.04224700108170509,0.9989699721336365,0,4.856080055236816,5.508211135864258,0.000003000000106112566,1,0.8332880139350891,0.5367379784584045,0.13245099782943726,0,-0.5527989864349365,0.8060770034790039,0.21131199598312378,0,0.006653000134974718,-0.24930299818515778,0.9684029817581177,0,0.11964300274848938,5.873307228088379,0,1,0.9166780114173889,-0.3499949872493744,0.19288699328899384,0,0.39424198865890503,0.8709849715232849,-0.2931869924068451,0,-0.06538800150156021,0.34480199217796326,0.936394989490509,0,0.5851889848709106,6.872167110443115,0,1,0.9945409893989563,-0.10262399911880493,-0.018897999078035355,0,0.1019819974899292,0.9175480008125305,0.3843249976634979,0,-0.02210099995136261,-0.38415399193763733,0.9230039715766907,0,0,11.272738456726074,0.16046999394893646,1,0.9938470125198364,-0.1089629977941513,-0.019869999960064888,0,0.09675099700689316,0.7667329907417297,0.6346330046653748,0,-0.053915999829769135,-0.6326509714126587,0.7725579738616943,0,-0.01638299971818924,8.495157241821289,0,1,0.9559620022773743,-0.286668986082077,-0.06290800124406815,0,0.29203400015830994,0.9077829718589783,0.3010750114917755,0,-0.029201999306678772,-0.3061870038509369,0.9515230059623718,0,0.6223239898681641,6.868310928344727,0,1,-0.9973139762878418,0.024181999266147614,0.06913399696350098,0,0.00880999956279993,-0.897458016872406,0.44101300835609436,0,0.07270900160074234,0.44043800234794617,0.8948339819908142,0,15.206181526184082,-5.639214038848877,0.4854309856891632,1,0.9986079931259155,0.04741699993610382,0.023097999393939972,0,0.008364999666810036,0.2900159955024719,-0.9569849967956543,0,-0.05207600072026253,0.9558460116386414,0.28921499848365784,0,0,25.565828323364258,0,1,0.9992930293083191,-0.03717000037431717,0.005559000186622143,0,0.014879999682307243,0.5271170139312744,0.8496630191802979,0,-0.03451300039887428,-0.8489800095558167,0.5272970199584961,0,0,19.34305763244629,0,1,0.9999430179595947,0.00004400000034365803,-0.010670999996364117,0,0.008045000024139881,0.6538379788398743,0.7565919756889343,0,0.007011000066995621,-0.756633996963501,0.6538010239601135,0,0,12.453317642211914,0,1,-0.984811007976532,-0.025039000436663628,-0.17181700468063354,0,0.005667000077664852,-0.9936550259590149,0.1123260036110878,0,-0.17353899776935577,0.1096469983458519,0.9787039756774902,0,-15.206181526184082,-5.639214038848877,-0.017153000459074974,1,0.9978669881820679,0.032924000173807144,-0.056366998702287674,0,-0.059974998235702515,0.8032979965209961,-0.5925490260124207,0,0.025770999491214752,0.5946660041809082,0.8035600185394287,0,0,25.640430450439453,0,1,0.995697021484375,-0.08157700300216675,-0.04396999999880791,0,0.07008299976587296,0.35240501165390015,0.9332200288772583,0,-0.06063399836421013,-0.9322850108146667,0.35660499334335327,0,0,19.428544998168945,0,1,0.9999589920043945,-0.00038899999344721437,0.0090549997985363,0,-0.006752000190317631,0.6345499753952026,0.7728520035743713,0,-0.006045999936759472,-0.7728809714317322,0.634522020816803,0,0,12.713443756103516,0,1
K0.033,0.9991210103034973,0.020342115312814713,-0.036648791283369064,0,-0.021881103515625,0.9988740086555481,-0.042084865272045135,0,0.035751789808273315,0.042849861085414886,0.9984419941902161,0,0.48157599568367004,58.0629997253418,-0.42032966017723083,1,0.9996370077133179,-0.0022991204168647528,-0.026856187731027603,0,0.004047130234539509,0.9978619813919067,0.06522395461797714,0,0.02664918079972267,-0.06530896574258804,0.9975090026855469,0,0,10.15488052368164,-0.29943200945854187,1,0.9999690055847168,0.0017569841584190726,-0.0076360516250133514,0,-0.0016739837592467666,0.9999390244483948,0.010949998162686825,0,0.007655051536858082,-0.01093599945306778,0.9999110102653503,0,0,11.852499961853027,0,1,0.999970018863678,0.0017189838690683246,-0.007566051557660103,0,-0.0016359833534806967,0.9999390244483948,0.010965999215841293,0,0.0075840516947209835,-0.010953999124467373,0.9999110102653503,0,0,13.54572582244873,0,1,0.9999629855155945,0.0007489924319088459,0.00855200458317995,0,-0.0008469923632219434,0.9999330043792725,0.011543985456228256,0,-0.008543004281818867,-0.011550985276699066,0.9998970031738281,0,0,15.238935470581055,0,1,0.9961950182914734,-0.039451029151678085,0.07770899683237076,0,0.04364503547549248,0.9976379871368408,-0.05303609371185303,0,-0.07543299347162247,0.05622609704732895,0.9955639839172363,0,0,6.069733142852783,0.0718419998884201,1,0.04858788102865219,0.012042010203003883,-0.9987459778785706,0,0.9098749756813049,-0.41301801800727844,0.03928488492965698,0,-0.4120270311832428,-0.9106429815292358,-0.031023960560560226,0,12.931761741638184,13.36662483215332,-0.024089999496936798,1,0.989211916923523,0.08842049539089203,-0.11679945141077042,0,0.05212267488241196,0.5326878428459167,0.8447050452232361,0,0.13690678775310516,-0.841680109500885,0.5223328471183777,0,0,26.221097946166992,0,1,0.21084199845790863,0.024693988263607025,0.9772080183029175,0,-0.13881494104862213,0.99030601978302,0.00492599792778492,0,-0.9676139950752258,-0.1366899460554123,0.212226003408432,0,0,16.07257843017578,0,1,-0.37790045142173767,0.024825938045978546,-0.9255128502845764,0,-0.08518794178962708,0.9944679737091064,0.06145896017551422,0,0.9219188094139099,0.10206793993711472,-0.373695433139801,0,0,23.019641876220703,0,1,0.8588520288467407,0.5010129809379578,-0.10657600313425064,0,-0.4957070052623749,0.8653789758682251,0.07343699783086777,0,0.1290220022201538,-0.010240999981760979,0.9915890097618103,0,-5.102105140686035,5.694654941558838,0,1,0.9215260148048401,-0.3713350296020508,-0.11358100175857544,0,0.3880210220813751,0.8691340088844299,0.3066690266132355,0,-0.01516001671552658,-0.32667502760887146,0.945015013217926,0,-0.2425439953804016,6.111946105957031,0,1,0.8805729746818542,0.4610599875450134,-0.10961103439331055,0,-0.45349401235580444,0.7526329159736633,-0.4773760735988617,0,-0.13760201632976532,0.47007209062576294,0.8718359470367432,0,-0.6389309763908386,6.818601131439209,0,1,0.9919919967651367,0.12484505027532578,0.019130028784275055,0,-0.11711004376411438,0.8524658679962158,0.5094972252845764,0,0.0473010390996933,-0.5076572299003601,0.8602598905563354,0,0,12.069541931152344,0.2830030024051666,1,0.9931290149688721,0.11617805063724518,0.014056018553674221,0,-0.10810304433107376,0.8647758960723877,0.49038419127464294,0,0.0448160283267498,-0.488534152507782,0.8713929057121277,0,-0.2065349966287613,9.248311042785645,0,1,0.9755520224571228,0.2134450376033783,0.052350033074617386,0,-0.21938803791999817,0.9317719340324402,0.2892571687698364,0,0.01296202465891838,-0.2936701774597168,0.9558189511299133,0,-0.2367130070924759,5.1582818031311035,0,1,-0.004634942393749952,-0.016564995050430298,0.9998520016670227,0,-0.9180020093917847,-0.3964279592037201,-0.010823944583535194,0,0.39654797315597534,-0.917917013168335,-0.013369017280638218,0,-12.931761741638184,13.368457794189453,-0.08627299964427948,1,0.9832009077072144,-0.1805315762758255,-0.026907173916697502,0,0.12634651362895966,0.5667600631713867,0.814136803150177,0,-0.13172732293605804,-0.8038598299026489,0.5800491571426392,0,0,26.221097946166992,0,1,0.16181297600269318,-0.0439060740172863,-0.9858440160751343,0,0.3223205804824829,0.9465698003768921,0.010748018510639668,0,0.9326978325843811,-0.3194975256919861,0.16731899976730347,0,0,16.070491790771484,0,1,-0.16722384095191956,-0.10352830588817596,0.9804679751396179,0,0.10154814273118973,0.987373948097229,0.12157630175352097,0,-0.9806749820709229,0.11989516019821167,-0.15459877252578735,0,0,23.006677627563477,0,1,0.8055379986763,-0.592428982257843,-0.011718000285327435,0,0.5923140048980713,0.8045139908790588,0.04382999986410141,0,-0.01653899997472763,-0.04224700108170509,0.9989699721336365,0,4.856080055236816,5.508211135864258,0.000003000000106112566,1,0.8329489827156067,0.5372150540351868,0.1326480209827423,0,-0.5533040761947632,0.8055429458618164,0.21202605962753296,0,0.007050029467791319,-0.25000205636024475,0.9682199954986572,0,0.11964300274848938,5.873307228088379,0,1,0.9156820178031921,-0.3503280282020569,0.19697205722332,0,0.39631104469299316,0.868541955947876,-0.2976110577583313,0,-0.0668170154094696,0.35057908296585083,0.9341469407081604,0,0.5851889848709106,6.872167110443115,0,1,0.9944030046463013,-0.1038840115070343,-0.01925400272011757,0,0.1033480167388916,0.9185640215873718,0.38152197003364563,0,-0.02194800041615963,-0.3813769817352295,0.9241589903831482,0,0,11.272738456726074,0.16046999394893646,1,0.9937899708747864,-0.1094440147280693,-0.020064005628228188,0,0.0971510112285614,0.7655759453773499,0.6359680891036987,0,-0.054242007434368134,-0.6339680552482605,0.771454930305481,0,-0.01638299971818924,8.495157241821289,0,1,0.9559429883956909,-0.28672200441360474,-0.0629580095410347,0,0.2920919954776764,0.9076870083808899,0.3013090193271637,0,-0.029246008023619652,-0.30642303824424744,0.951445996761322,0,0.6223239898681641,6.868310928344727,0,1,-0.9966909885406494,0.05149915814399719,0.06288299709558487,0,-0.010893082246184349,-0.8513146638870239,0.5245414972305298,0,0.08054708689451218,0.5221214890480042,0.8490596413612366,0,15.206181526184082,-5.639214038848877,0.4854309856891632,1,0.9954779148101807,0.06961123645305634,0.06463169306516647,0,0.02667919732630253,0.4481257498264313,-0.8935718536376953,0,-0.09116565436124802,0.8912558555603027,0.4442426562309265,0,0,25.565828323364258,0,1,0.9994029998779297,-0.03399988263845444,0.006097021978348494,0,0.013696924783289433,0.5521082878112793,0.833659827709198,0,-0.0317109115421772,-0.8330788016319275,0.5522453188896179,0,0,19.34305763244629,0,1,0.9999449849128723,0.00010499967174837366,-0.01052700076252222,0,0.00795500073581934,0.6473930478096008,0.762114942073822,0,0.006895000580698252,-0.7621569633483887,0.6473560333251953,0,0,12.453317642211914,0,1,-0.9840689897537231,-0.008211827836930752,-0.17759905755519867,0,0.0012269761646166444,-0.999222993850708,0.03940117731690407,0,-0.17778505384922028,0.03855619207024574,0.9833139777183533,0,-15.206181526184082,-5.639214038848877,-0.017153000459074974,1,0.9987379908561707,0.0361260250210762,-0.03487979993224144,0,-0.049757905304431915,0.8056260943412781,-0.5903317928314209,0,0.006773834116756916,0.5913228392601013,0.80640709400177,0,0,25.640430450439453,0,1,0.9943199753761292,-0.0923461765050888,-0.05291113257408142,0,0.07703811675310135,0.28147435188293457,0.9564712047576904,0,-0.07343319058418274,-0.9551151990890503,0.28698936104774475,0,0,19.428544998168945,0,1,0.9999610185623169,-0.0005000029923394322,0.008764991536736488,0,-0.006557994056493044,0.6212525963783264,0.7835832834243774,0,-0.005836993921548128,-0.7836102843284607,0.6212255954742432,0,0,12.713443756103516,0,1
K0.067,0.9993640184402466,0.03191988542675972,-0.01590820588171482,0,-0.032364897429943085,0.9990689754486084,-0.028535133227705956,0,0.014983206987380981,0.029032137244939804,0.9994660019874573,0,0.4827300012111664,57.7137565612793,-0.08732230961322784,1,0.9988549947738647,-0.014323880895972252,-0.04563581198453903,0,0.017084870487451553,0.998009979724884,0.0606970451772213,0,0.0446748211979866,-0.06140703707933426,0.997111976146698,0,0,10.15488052368164,-0.29943200945854187,1,0.9999179840087891,0.00017901568207889795,-0.01280294917523861,0,-0.000040016238926909864,0.9999420046806335,0.010809001512825489,0,0.012803948484361172,-0.010807001031935215,0.9998599886894226,0,0,11.852499961853027,0,1,0.9999189972877502,0.00010701602150220424,-0.012733948417007923,0,0.000030983432225184515,0.9999409914016724,0.010832000523805618,0,0.01273494865745306,-0.010831001214683056,0.9998599886894226,0,0,13.54572582244873,0,1,0.9999589920043945,-0.00000699248630553484,0.009019995108246803,0,-0.00008400758088100702,0.9999489784240723,0.010064015164971352,0,-0.009019995108246803,-0.010064015164971352,0.999908983707428,0,0,15.238935470581055,0,1,0.9960929751396179,-0.042545970529317856,0.07739000022411346,0,0.04742196202278137,0.9969300031661987,-0.06229790672659874,0,-0.07450200617313385,0.06572390347719193,0.9950529932975769,0,0,6.069733142852783,0.0718419998884201,1,0.036595121026039124,0.013029989786446095,-0.9992449879646301,0,0.9094120264053345,-0.41495996713638306,0.027894113212823868,0,-0.41428297758102417,-0.909745991230011,-0.02703503891825676,0,12.931761741638184,13.36662483215332,-0.024089999496936798,1,0.9860310554504395,0.03792750462889671,-0.16218355298042297,0,0.1196623295545578,0.5160031914710999,0.8481869697570801,0,0.11585720628499985,-0.855746865272522,0.5042561888694763,0,0,26.221097946166992,0,1,0.21098299324512482,0.023665009066462517,0.9772030115127563,0,-0.13303205370903015,0.9911010265350342,0.004721001721918583,0,-0.9683949947357178,-0.13099506497383118,0.21225300431251526,0,0,16.07257843017578,0,1,-0.42184653878211975,0.018650062382221222,-0.9064751863479614,0,-0.07911606132984161,0.9952179789543152,0.05729503929615021,0,0.9032081961631775,0.09588605910539627,-0.4183535575866699,0,0,23.019641876220703,0,1,0.8588529825210571,0.5010129809379578,-0.10657600313425064,0,-0.4957070052623749,0.8653789758682251,0.07343699783086777,0,0.12902100384235382,-0.010240999981760979,0.9915890097618103,0,-5.102105140686035,5.694654941558838,0,1,0.9207760095596313,-0.37327396869659424,-0.11330399662256241,0,0.3897269666194916,0.8676900267601013,0.3085879683494568,0,-0.01687498390674591,-0.3282979726791382,0.9444230198860168,0,-0.2425439953804016,6.111946105957031,0,1,0.8798249959945679,0.4615029990673065,-0.1136779636144638,0,-0.4545780122280121,0.747204065322876,-0.48481494188308716,0,-0.13880299031734467,0.478226900100708,0.8671980500221252,0,-0.6389309763908386,6.818601131439209,0,1,0.9912739992141724,0.12999194860458374,0.021869972348213196,0,-0.12161395698785782,0.8378531336784363,0.5321767330169678,0,0.050854966044425964,-0.5301927328109741,0.846351146697998,0,0,12.069541931152344,0.2830030024051666,1,0.992510974407196,0.12111194431781769,0.015903981402516365,0,-0.11241195350885391,0.8546470999717712,0.5068948268890381,0,0.047798968851566315,-0.5048857927322388,0.8618611097335815,0,-0.2065349966287613,9.248311042785645,0,1,0.9744840264320374,0.21746595203876495,0.05557996779680252,0,-0.2239309549331665,0.9249840378761292,0.3070168197154999,0,0.015354976058006287,-0.3116288185119629,0.9500800371170044,0,-0.2367130070924759,5.1582818031311035,0,1,0.0011559424456208944,-0.015990005806088448,0.999871015548706,0,-0.9199039936065674,-0.39211001992225647,-0.00520705571398139,0,0.39214304089546204,-0.9197790026664734,-0.015161982737481594,0,-12.931761741638184,13.368457794189453,-0.08627299964427948,1,0.9702271223068237,-0.23811642825603485,-0.044265829026699066,0,0.17744149267673492,0.5744549632072449,0.7990722060203552,0,-0.16484367847442627,-0.7831361889839172,0.5996038317680359,0,0,26.221097946166992,0,1,0.1590060293674469,-0.05141592398285866,-0.9859380125999451,0,0.3774614632129669,0.9259392023086548,0.012587981298565865,0,0.9122712016105652,-0.3741554617881775,0.16663800179958344,0,0,16.070491790771484,0,1,-0.15016116201877594,-0.1343826800584793,0.9794859886169434,0,0.11551285535097122,0.981549084186554,0.15237468481063843,0,-0.9818900227546692,0.13602383434772491,-0.13186822831630707,0,0,23.006677627563477,0,1,0.8055379986763,-0.5924280285835266,-0.011717000044882298,0,0.5923129916191101,0.80451500415802,0.04382999986410141,0,-0.01653899997472763,-0.04224700108170509,0.9989699721336365,0,4.856080055236816,5.508211135864258,0.000003000000106112566,1,0.830128014087677,0.5411049127578735,0.1345069855451584,0,-0.5574829578399658,0.8011630773544312,0.21760293841362,0,0.009984971024096012,-0.2556239366531372,0.9667249917984009,0,0.11964300274848938,5.873307228088379,0,1,0.9136340022087097,-0.3519369661808014,0.20350493490695953,0,0.4007069766521454,0.8640610575675964,-0.3046829402446747,0,-0.0686119869351387,0.3599148988723755,0.9304590821266174,0,0.5851889848709106,6.872167110443115,0,1,0.9942690134048462,-0.10512098670005798,-0.019482998177409172,0,0.10462698340415955,0.9192630052566528,0.3794860243797302,0,-0.021981999278068542,-0.379349023103714,0.924992024898529,0,0,11.272738456726074,0.16046999394893646,1,0.993628978729248,-0.11079498380422592,-0.02061399444937706,0,0.09827299416065216,0.7623010873794556,0.6397189497947693,0,-0.05516399070620537,-0.6376689672470093,0.7683320641517639,0,-0.01638299971818924,8.495157241821289,0,1,0.9555839896202087,-0.28770801424980164,-0.06390298902988434,0,0.29318100214004517,0.9058629870414734,0.3057079613208771,0,-0.030066993087530136,-0.31086498498916626,0.9499779939651489,0,0.6223239898681641,6.868310928344727,0,1,-0.9957759976387024,0.06718284636735916,0.06258799880743027,0,-0.019061917439103127,-0.8180463314056396,0.5748365521430969,0,0.08981890976428986,0.5712155103683472,0.8158713579177856,0,15.206181526184082,-5.639214038848877,0.4854309856891632,1,0.9865950345993042,0.09365376085042953,0.13363830745220184,0,0.046466801315546036,0.6237942576408386,-0.7802051305770874,0,-0.1564323455095291,0.7759571075439453,0.6110803484916687,0,0,25.565828323364258,0,1,0.9997190237045288,-0.022232117131352425,0.00826197862625122,0,0.006143074948340654,0.5791637301445007,0.8151881694793701,0,-0.022908087819814682,-0.8149082064628601,0.5791377425193787,0,0,19.34305763244629,0,1,0.9999439716339111,0.00007200032996479422,-0.010606999509036541,0,0.008004998788237572,0.650969922542572,0.7590610384941101,0,0.0069589996710419655,-0.7591030597686768,0.6509329676628113,0,0,12.453317642211914,0,1,-0.9830999970436096,0.00902382843196392,-0.18284794688224792,0,-0.0011629762593656778,-0.9990720152854919,-0.04305018112063408,0,-0.1830669343471527,-0.04210919886827469,0.9821979999542236,0,-15.206181526184082,-5.639214038848877,-0.017153000459074974,1,0.9991400241851807,0.03866797313094139,-0.014957197941839695,0,-0.04028909280896187,0.8204038739204407,-0.5703631639480591,0,-0.009783835150301456,0.570475161075592,0.8212568759918213,0,0,25.640430450439453,0,1,0.99167799949646,-0.11045482009649277,-0.06614486873149872,0,0.0888928771018982,0.2157856523990631,0.972385823726654,0,-0.09313180297613144,-0.9701728224754333,0.2238086313009262,0,0,19.428544998168945,0,1,0.9999679923057556,-0.0007969970465637743,0.007899008691310883,0,-0.005966005846858025,0.5810294151306152,0.8138607144355774,0,-0.005239006131887436,-0.8138816952705383,0.5810064077377319,0,0,12.713443756103516,0,1
K0.100,0.99931800365448,0.03670300170779228,-0.0040430002845823765,0,-0.03677299991250038,0.9991480112075806,-0.018709000200033188,0,0.003353000385686755,0.018844999372959137,0.9998170137405396,0,0.5143409967422485,57.158634185791016,0.2747669816017151,1,0.9981080293655396,-0.02002199925482273,-0.05813400074839592,0,0.023399999365210533,0.9980419874191284,0.058010000735521317,0,0.05685799941420555,-0.05926100164651871,0.9966220259666443,0,0,10.15488052368164,-0.29943200945854187,1,0.9998700022697449,0.000044000007619615644,-0.01613299921154976,0,0.00013199998647905886,0.9999409914016724,0.010905999690294266,0,0.01613200083374977,-0.010906999930739403,0.999809980392456,0,0,11.852499961853027,0,1,0.999871015548706,-0.000049999991460936144,-0.01606000028550625,0,0.00022599998919758946,0.9999399781227112,0.010937999933958054,0,0.01605900004506111,-0.010940000414848328,0.9998109936714172,0,0,13.54572582244873,0,1,0.9999520182609558,-0.0003889999643433839,0.009788000024855137,0,0.00030499996501021087,0.9999629855155945,0.008597999811172485,0,-0.009790999814867973,-0.008595000021159649,0.9999150037765503,0,0,15.238935470581055,0,1,0.9957050085067749,-0.04497100040316582,0.08092699944972992,0,0.0505950003862381,0.9963439702987671,-0.0688370019197464,0,-0.07753600180149078,0.07263600081205368,0.9943400025367737,0,0,6.069733142852783,0.0718419998884201,1,0.028946999460458755,0.013732999563217163,-0.9994869828224182,0,0.9076039791107178,-0.4193260073661804,0.020524000748991966,0,-0.4188289940357208,-0.9077320098876953,-0.024602999910712242,0,12.931761741638184,13.36662483215332,-0.024089999496936798,1,0.9792289733886719,-0.014216997660696507,-0.20225900411605835,0,0.18214400112628937,0.4999159872531891,0.8467040061950684,0,0.0890749990940094,-0.8659570217132568,0.49212199449539185,0,0,26.221097946166992,0,1,0.21119800209999084,0.022002000361680984,0.9771959781646729,0,-0.12368199974298477,0.9923120141029358,0.004389000125229359,0,-0.9695870280265808,-0.12178800255060196,0.2122959941625595,0,0,16.07257843017578,0,1,-0.4396649897098541,0.010263999924063683,-0.8981029987335205,0,-0.07947999984025955,0.9955670237541199,0.050287000834941864,0,0.8946380019187927,0.09349100291728973,-0.4369010031223297,0,0,23.019641876220703,0,1,0.8588529825210571,0.5010129809379578,-0.10657600313425064,0,-0.4957070052623749,0.8653789758682251,0.07343699783086777,0,0.1290220022201538,-0.010240999981760979,0.9915890097618103,0,-5.102105140686035,5.694654941558838,0,1,0.921101987361908,-0.37243399024009705,-0.11342299729585648,0,0.3889879882335663,0.8683170080184937,0.3077569901943207,0,-0.01613200083374977,-0.3275949954986572,0.9446799755096436,0,-0.2425439953804016,6.111946105957031,0,1,0.8807569742202759,0.46077701449394226,-0.10932300239801407,0,-0.453341007232666,0.753616988658905,-0.4759649932384491,0,-0.13692599534988403,0.46876999735832214,0.872642993927002,0,-0.6389309763908386,6.818601131439209,0,1,0.9912279844284058,0.13048799335956573,0.020989999175071716,0,-0.1210009977221489,0.8320940136909485,0.5412740111351013,0,0.05316400155425072,-0.5390660166740417,0.8405839800834656,0,0,12.069541931152344,0.2830030024051666,1,0.9918829798698425,0.125900998711586,0.017803000286221504,0,-0.11656700074672699,0.8444120287895203,0.5228580236434937,0,0.05079599842429161,-0.5206900238990784,0.8522340059280396,0,-0.2065349966287613,9.248311042785645,0,1,0.9731780290603638,0.22220900654792786,0.05956299975514412,0,-0.22932100296020508,0.9163540005683899,0.3281889855861664,0,0.018345000222325325,-0.33304500579833984,0.9427319765090942,0,-0.2367130070924759,5.1582818031311035,0,1,0.006620999425649643,-0.015537000261247158,0.9998570084571838,0,-0.920861005783081,-0.38989099860191345,0.0000389997658203356,0,0.3898339867591858,-0.9207299947738647,-0.016889000311493874,0,-12.931761741638184,13.368457794189453,-0.08627299964427948,1,0.9567520022392273,-0.2845720052719116,-0.060371000319719315,0,0.2227649986743927,0.5832309722900391,0.7811639904975891,0,-0.18708699941635132,-0.760828971862793,0.621399998664856,0,0,26.221097946166992,0,1,0.15612700581550598,-0.057978998869657516,-0.9860339760780334,0,0.4256399869918823,0.9047809839248657,0.014193999581038952,0,0.8913220167160034,-0.42191100120544434,0.16593900322914124,0,0,16.070491790771484,0,1,-0.14798100292682648,-0.15323999524116516,0.977046012878418,0,0.1301410049200058,0.9763150215148926,0.17283600568771362,0,-0.9803900122642517,0.15273000299930573,-0.1245340034365654,0,0,23.006677627563477,0,1,0.8055379986763,-0.592428982257843,-0.011718000285327435,0,0.5923140048980713,0.8045139908790588,0.04382999986410141,0,-0.01653899997472763,-0.04224700108170509,0.9989699721336365,0,4.856080055236816,5.508211135864258,0.000003000000106112566,1,0.8283950090408325,0.5434650182723999,0.13567300140857697,0,-0.5600200295448303,0.7984570264816284,0.22100499272346497,0,0.011780000291764736,-0.25905901193618774,0.9657899737358093,0,0.11964300274848938,5.873307228088379,0,1,0.9115700125694275,-0.35293999314308167,0.21088799834251404,0,0.4049780070781708,0.8592900037765503,-0.31243300437927246,0,-0.07094399631023407,0.3702090084552765,0.926235020160675,0,0.5851889848709106,6.872167110443115,0,1,0.9939919710159302,-0.1075349971652031,-0.020394999533891678,0,0.10708999633789062,0.9170100092887878,0.3842189908027649,0,-0.02261500060558319,-0.3840950131416321,0.9230170249938965,0,0,11.272738456726074,0.16046999394893646,1,0.9933760166168213,-0.11288300156593323,-0.02147899940609932,0,0.10000099986791611,0.7571889758110046,0.6454949975013733,0,-0.05660200119018555,-0.6433680057525635,0.7634620070457458,0,-0.01638299971818924,8.495157241821289,0,1,0.9550049901008606,-0.2892819941043854,-0.06543400138616562,0,0.29492300748825073,0.902882993221283,0.3127659857273102,0,-0.031397998332977295,-0.3179909884929657,0.9475740194320679,0,0.6223239898681641,6.868310928344727,0,1,-0.995186984539032,0.07926899939775467,0.05760699883103371,0,-0.029013000428676605,-0.7998800277709961,0.5994589924812317,0,0.09359700232744217,0.594901978969574,0.7983300089836121,0,15.206181526184082,-5.639214038848877,0.4854309856891632,1,0.9848080277442932,0.064021997153759,0.16141299903392792,0,0.047297000885009766,0.7955089807510376,-0.6040940284729004,0,-0.16708099842071533,0.6025509834289551,0.780394971370697,0,0,25.565828323364258,0,1,0.9980239868164062,-0.0006740009994246066,0.06283599883317947,0,-0.04938199743628502,0.6099799871444702,0.7908769845962524,0,-0.03886200115084648,-0.7924169898033142,0.6087409853935242,0,0,19.34305763244629,0,1,0.9999409914016724,-0.00003599999763537198,-0.010855999775230885,0,0.008159000426530838,0.662077009677887,0.7493910193443298,0,0.007160999812185764,-0.7494360208511353,0.6620380282402039,0,0,12.453317642211914,0,1,-0.9816319942474365,0.030379997566342354,-0.18835100531578064,0,-0.0023270000237971544,-0.9890739917755127,-0.1474040001630783,0,-0.19077099859714508,-0.1442590057849884,0.9709770083427429,0,-15.206181526184082,-5.639214038848877,-0.017153000459074974,1,0.9989719986915588,0.045233000069856644,0.0029669993091374636,0,-0.03719500079751015,0.8553490042686462,-0.5167160034179688,0,-0.025909999385476112,0.516074001789093,0.8561519980430603,0,0,25.640430450439453,0,1,0.9915440082550049,-0.10911999642848969,-0.07024499773979187,0,0.08929900079965591,0.18093499541282654,0.979433000087738,0,-0.09416499733924866,-0.9774230122566223,0.18914900720119476,0,0,19.428544998168945,0,1,0.9999729990959167,-0.0009730000165291131,0.0073079997673630714,0,-0.005549999885261059,0.5530800223350525,0.8331090211868286,0,-0.004852999933063984,-0.8331270217895508,0.553059995174408,0,0,12.713443756103516,0,1
